test_data/test_outputs/Batch_Scan_20260611_083801/Bay_scan4_2026-06-10_12h14_45_760.csv.plot001_eqa_zenCut89_sz300.asc
ncols         300 
nrows         300 
xllcorner     -90.000000
yllcorner     -90.000000
cellsize      0.600000 
NODATA_value  -1
[rows 112 to 139 of 300, columns 126 to 188 of 300]
43500.00 50400.00 51000.00 51300.00 50100.00 54600.00 54000.00 49500.00 57600.00 52200.00 55500.00 58800.00 49500.00 51600.00 50400.00 54000.00 55200.00 53400.00 53400.00 60300.00 58500.00 54300.00 65400.00 111900.00 107100.00 64200.00 49800.00 48600.00 55200.00 53700.00 46800.00 59700.00 51000.00 49500.00 50100.00 57600.00 54300.00 53400.00 57300.00 51900.00 51600.00 45600.00 47100.00 51000.00 49800.00 48000.00 45300.00 42300.00 41400.00 45600.00 45300.00 41700.00 43800.00 43800.00 43500.00 39900.00 39000.00 40800.00 41400.00 40500.00 39000.00 36600.00 33600.00
44700.00 49200.00 53400.00 54000.00 50700.00 48900.00 52200.00 54600.00 57000.00 58200.00 57900.00 57300.00 61800.00 53100.00 57000.00 57000.00 55800.00 56400.00 60000.00 63900.00 62400.00 33600.00 70200.00 124800.00 100800.00 61500.00 54300.00 40800.00 42600.00 50100.00 47400.00 52800.00 45600.00 58500.00 54900.00 54300.00 44400.00 50700.00 50400.00 59100.00 54600.00 47700.00 51300.00 51600.00 41400.00 52200.00 46800.00 42900.00 45000.00 43200.00 45600.00 42000.00 47100.00 42000.00 45600.00 36300.00 41700.00 38700.00 37800.00 42300.00 35100.00 35100.00 40200.00
48600.00 48600.00 50700.00 57600.00 55200.00 54900.00 59700.00 58800.00 54900.00 51000.00 58800.00 60600.00 57600.00 53100.00 63300.00 55200.00 59700.00 63300.00 62700.00 58500.00 64200.00 52800.00 61800.00 117000.00 80700.00 47700.00 54600.00 64800.00 54600.00 42600.00 59400.00 56100.00 54600.00 47100.00 57000.00 51900.00 56400.00 45000.00 37800.00 52500.00 53100.00 55800.00 51900.00 41400.00 45300.00 49500.00 49800.00 48300.00 44400.00 45000.00 44700.00 48000.00 45600.00 48900.00 47700.00 43800.00 39000.00 37500.00 41400.00 42300.00 41100.00 39900.00 38100.00
47700.00 51000.00 56400.00 57900.00 54600.00 59700.00 59400.00 61800.00 60600.00 53400.00 60900.00 63600.00 57000.00 60300.00 62700.00 55800.00 50400.00 51900.00 60000.00 45300.00 68700.00 39900.00 46500.00 84300.00 80400.00 58500.00 65400.00 66000.00 64800.00 54900.00 55500.00 37200.00 21600.00 61500.00 62100.00 45900.00 59400.00 56100.00 46500.00 49200.00 56400.00 52800.00 58200.00 51300.00 39900.00 44400.00 40800.00 48900.00 46800.00 47100.00 41400.00 46500.00 50100.00 46800.00 46800.00 45000.00 33000.00 41700.00 40200.00 43500.00 39000.00 39600.00 40800.00
52200.00 52500.00 53100.00 59700.00 60000.00 50400.00 61200.00 59700.00 57900.00 58500.00 61200.00 51600.00 61800.00 62700.00 64800.00 56400.00 39000.00 41400.00 42300.00 70200.00 69900.00 58800.00 44100.00 88500.00 87600.00 58200.00 63000.00 69000.00 70200.00 69000.00 39600.00 18300.00 41400.00 62700.00 58200.00 53400.00 52500.00 50100.00 48000.00 40800.00 57600.00 54300.00 52200.00 47100.00 56400.00 53100.00 49500.00 49200.00 47400.00 48300.00 40200.00 44700.00 47400.00 43500.00 42300.00 42000.00 41700.00 41100.00 45600.00 42000.00 40500.00 34500.00 37800.00
56100.00 55500.00 56700.00 60600.00 57900.00 54600.00 61200.00 63300.00 64800.00 59700.00 60600.00 69300.00 59700.00 60900.00 65700.00 59100.00 7200.00 11100.00 42300.00 52800.00 61200.00 51900.00 19500.00 33300.00 39300.00 22200.00 61200.00 69600.00 64200.00 63600.00 40200.00 38700.00 60900.00 67500.00 50400.00 48600.00 53400.00 53100.00 49500.00 46500.00 57900.00 60300.00 57300.00 42300.00 37200.00 38100.00 54000.00 51900.00 39600.00 43800.00 44400.00 45000.00 48000.00 42000.00 39900.00 42300.00 45600.00 42300.00 40500.00 36600.00 32100.00 33600.00 41100.00
57000.00 54900.00 53700.00 63000.00 60900.00 54000.00 63600.00 64500.00 65700.00 54000.00 58800.00 65400.00 66000.00 71100.00 69300.00 72300.00 36000.00 9000.00 44400.00 6300.00 35100.00 0.00 0.00 16500.00 36300.00 26700.00 54300.00 67200.00 65400.00 70500.00 54900.00 64500.00 69300.00 67800.00 64500.00 60300.00 58200.00 55200.00 59700.00 48900.00 48000.00 57900.00 55500.00 45600.00 42300.00 49500.00 49200.00 54900.00 49800.00 45900.00 43500.00 34800.00 37500.00 35100.00 35100.00 43500.00 46800.00 41700.00 43800.00 27300.00 27300.00 33600.00 40500.00
61500.00 54000.00 57300.00 56700.00 59400.00 64500.00 56700.00 55500.00 64200.00 49200.00 34200.00 52500.00 63000.00 62700.00 71700.00 47400.00 14400.00 600.00 6600.00 0.00 4200.00 0.00 0.00 2100.00 10800.00 20400.00 54000.00 46500.00 63300.00 69300.00 64200.00 72900.00 73500.00 72000.00 72300.00 62400.00 56100.00 61200.00 63000.00 64500.00 47700.00 36900.00 48900.00 49200.00 50700.00 57000.00 56400.00 54300.00 56700.00 51600.00 47400.00 43200.00 39000.00 47700.00 45300.00 43200.00 46500.00 42600.00 41100.00 30600.00 31500.00 30000.00 30000.00
56400.00 52500.00 60600.00 62100.00 64200.00 59400.00 61800.00 45900.00 12000.00 4800.00 300.00 61500.00 63000.00 47400.00 31200.00 10500.00 600.00 0.00 0.00 2400.00 0.00 0.00 0.00 3300.00 9600.00 15600.00 75900.00 67200.00 74700.00 65400.00 68700.00 73200.00 73800.00 69600.00 70200.00 71700.00 70500.00 69000.00 64500.00 63900.00 52200.00 57900.00 46200.00 58200.00 58800.00 54300.00 55500.00 48600.00 52800.00 55200.00 53100.00 46200.00 52800.00 50100.00 49200.00 48900.00 40500.00 46200.00 42000.00 41400.00 36600.00 34500.00 34200.00
59400.00 48900.00 51600.00 55200.00 64200.00 63900.00 62400.00 39900.00 6600.00 17400.00 29400.00 64200.00 54300.00 25500.00 0.00 0.00 0.00 0.00 0.00 25500.00 6300.00 30600.00 3000.00 64200.00 51600.00 27300.00 71400.00 75900.00 63900.00 74400.00 77400.00 74400.00 71400.00 73800.00 73500.00 72000.00 69600.00 69000.00 68700.00 56400.00 54000.00 60000.00 57000.00 60300.00 55800.00 37200.00 57000.00 56400.00 51300.00 45600.00 57000.00 51300.00 46800.00 45300.00 46200.00 49500.00 47400.00 46800.00 47100.00 44700.00 43500.00 41700.00 43200.00
57900.00 53700.00 64200.00 66900.00 69300.00 69600.00 64800.00 15600.00 17100.00 20700.00 2400.00 5700.00 45000.00 4500.00 1200.00 2400.00 2100.00 1500.00 0.00 1500.00 3300.00 65400.00 11100.00 17400.00 46500.00 73800.00 80400.00 83700.00 78900.00 78600.00 80100.00 81300.00 74400.00 76500.00 75600.00 77100.00 69300.00 72300.00 59400.00 65700.00 72900.00 64200.00 58200.00 61200.00 56100.00 56700.00 51900.00 51300.00 45600.00 46800.00 49800.00 52800.00 56100.00 49500.00 51600.00 44400.00 45000.00 48900.00 48300.00 48900.00 48300.00 48300.00 46800.00
65400.00 63900.00 67800.00 67800.00 51000.00 61800.00 68100.00 34200.00 21900.00 0.00 0.00 13200.00 3000.00 3300.00 600.00 9300.00 1500.00 0.00 0.00 0.00 5700.00 59400.00 85500.00 79200.00 39000.00 67500.00 87000.00 86400.00 82500.00 76500.00 78300.00 84600.00 76500.00 82800.00 79800.00 75000.00 77700.00 73200.00 61200.00 71100.00 69900.00 65700.00 57600.00 63000.00 65100.00 56400.00 57300.00 51600.00 49200.00 51000.00 56100.00 51000.00 57000.00 57000.00 54000.00 53700.00 52500.00 52200.00 51600.00 50100.00 49200.00 47100.00 46800.00
63900.00 66300.00 64800.00 59700.00 63900.00 50700.00 42900.00 37200.00 9600.00 0.00 0.00 1200.00 12300.00 300.00 0.00 5400.00 300.00 0.00 0.00 28200.00 26400.00 66000.00 105000.00 170100.00 88800.00 92100.00 92700.00 89400.00 91200.00 87000.00 83100.00 82200.00 81300.00 81000.00 85500.00 73800.00 73200.00 63600.00 72000.00 66600.00 62700.00 66000.00 67500.00 66900.00 65400.00 62400.00 58200.00 61800.00 55800.00 60300.00 60000.00 57900.00 57300.00 52200.00 56100.00 54000.00 54000.00 50100.00 48300.00 46800.00 45600.00 43800.00 45600.00
59700.00 67800.00 71400.00 66900.00 65700.00 61500.00 27300.00 19500.00 27000.00 49200.00 6600.00 33900.00 30600.00 64500.00 4500.00 3600.00 0.00 29400.00 42000.00 74400.00 36300.00 61800.00 102900.00 181500.00 93300.00 99300.00 99300.00 92100.00 91800.00 91800.00 89400.00 88800.00 81900.00 79800.00 78900.00 74700.00 74100.00 81000.00 74400.00 69300.00 63900.00 61500.00 63900.00 66900.00 69600.00 59700.00 57300.00 63900.00 62700.00 63300.00 58500.00 58200.00 49200.00 54600.00 50400.00 49800.00 46200.00 47700.00 50100.00 47100.00 48900.00 46500.00 46800.00
62100.00 70500.00 69300.00 66600.00 60000.00 60600.00 22500.00 11700.00 4200.00 52800.00 59100.00 32700.00 73800.00 64500.00 13500.00 18600.00 54000.00 48900.00 94200.00 105000.00 84000.00 93900.00 107400.00 174900.00 97800.00 100500.00 104100.00 98700.00 99300.00 98400.00 91500.00 90600.00 90300.00 85500.00 72000.00 65400.00 79500.00 78900.00 77400.00 75900.00 73200.00 69600.00 67500.00 63300.00 68100.00 68700.00 66300.00 66300.00 61500.00 58800.00 56100.00 56400.00 52500.00 52800.00 53700.00 54900.00 50700.00 47700.00 51000.00 47100.00 48300.00 48900.00 46800.00
69900.00 69000.00 72600.00 73500.00 57000.00 72600.00 80400.00 27000.00 0.00 0.00 0.00 59700.00 84900.00 64500.00 23400.00 40800.00 78000.00 98100.00 90300.00 101400.00 86400.00 84600.00 110100.00 176400.00 109800.00 108300.00 108900.00 105000.00 103800.00 107100.00 99000.00 89100.00 88200.00 88800.00 80400.00 69900.00 82800.00 85200.00 78000.00 78000.00 71100.00 72600.00 73200.00 75600.00 69600.00 69000.00 69300.00 62700.00 60900.00 57000.00 56100.00 58200.00 56100.00 56700.00 54900.00 50400.00 48900.00 47700.00 50100.00 46200.00 48300.00 47100.00 43500.00
72000.00 69000.00 75900.00 74700.00 67500.00 60000.00 55800.00 72300.00 46500.00 42000.00 300.00 27300.00 63000.00 75000.00 87000.00 88200.00 98100.00 111000.00 111900.00 116400.00 120900.00 116100.00 131700.00 186600.00 98400.00 104700.00 104400.00 113100.00 99300.00 97200.00 100500.00 108600.00 103200.00 101700.00 96000.00 85800.00 75600.00 72600.00 85200.00 86100.00 84000.00 78900.00 74700.00 73800.00 71700.00 74700.00 65700.00 64200.00 60900.00 59100.00 57900.00 56700.00 59400.00 54000.00 55200.00 50100.00 53100.00 53100.00 49800.00 47700.00 49200.00 45000.00 44100.00
72300.00 65100.00 72900.00 66600.00 50100.00 47100.00 51600.00 67800.00 56400.00 88200.00 51000.00 64200.00 84000.00 89400.00 103800.00 97500.00 111600.00 117600.00 107400.00 108000.00 112500.00 129300.00 146700.00 198600.00 116700.00 103200.00 109800.00 121800.00 117900.00 110100.00 110100.00 106800.00 105600.00 100500.00 96900.00 99300.00 96300.00 95100.00 80700.00 85200.00 78000.00 79800.00 76200.00 75000.00 72000.00 68400.00 67500.00 60000.00 64200.00 61200.00 59100.00 59400.00 55200.00 56700.00 53400.00 49500.00 53700.00 50700.00 47700.00 50100.00 48900.00 47400.00 45900.00
72900.00 72000.00 72600.00 80400.00 56100.00 22800.00 31500.00 41100.00 44400.00 74700.00 95100.00 67500.00 100200.00 110700.00 115500.00 113700.00 121800.00 127500.00 120000.00 113400.00 129000.00 122700.00 150000.00 209100.00 136200.00 130500.00 118500.00 115500.00 118200.00 119700.00 117000.00 111300.00 107400.00 102900.00 85200.00 99000.00 87000.00 84300.00 89700.00 86700.00 85800.00 84300.00 77400.00 74700.00 77700.00 72300.00 69300.00 60900.00 63900.00 64800.00 60900.00 56100.00 54000.00 59100.00 58500.00 57600.00 51300.00 49200.00 50400.00 53700.00 48300.00 46200.00 45300.00
57300.00 69000.00 81300.00 72000.00 48600.00 22500.00 38400.00 4200.00 48000.00 91200.00 95400.00 76200.00 108600.00 111300.00 115800.00 115800.00 121500.00 123900.00 127200.00 133200.00 142800.00 136800.00 160800.00 211800.00 143400.00 133200.00 129300.00 138000.00 134100.00 129900.00 121800.00 115500.00 102600.00 94500.00 38100.00 89700.00 98100.00 91800.00 83400.00 86700.00 79800.00 86400.00 84300.00 76200.00 75900.00 72300.00 69600.00 63000.00 68400.00 63300.00 63300.00 60000.00 55500.00 56400.00 55800.00 57300.00 56400.00 54300.00 54600.00 50700.00 49200.00 49800.00 45000.00
35100.00 53700.00 71400.00 58500.00 24900.00 0.00 18900.00 24600.00 86400.00 63600.00 100500.00 105000.00 113700.00 126300.00 130800.00 131700.00 131700.00 132000.00 129600.00 151800.00 159300.00 152700.00 164700.00 208200.00 139500.00 149100.00 148500.00 148800.00 134700.00 121800.00 125100.00 120900.00 115200.00 107100.00 99300.00 102000.00 84600.00 87000.00 89400.00 87300.00 86400.00 83100.00 83400.00 83100.00 77400.00 76800.00 75600.00 61200.00 67800.00 67500.00 65100.00 60600.00 60300.00 60900.00 54900.00 53400.00 56400.00 50700.00 50700.00 51600.00 49500.00 50400.00 48300.00
39300.00 21300.00 30600.00 7200.00 0.00 0.00 0.00 0.00 0.00 48000.00 100800.00 108300.00 122700.00 131100.00 132000.00 134700.00 146100.00 145800.00 159600.00 155700.00 153900.00 162300.00 189900.00 231600.00 161100.00 154200.00 151500.00 165600.00 142200.00 122700.00 143700.00 127500.00 117000.00 125100.00 114000.00 111000.00 99000.00 107100.00 78000.00 89700.00 86100.00 90000.00 87000.00 78600.00 77400.00 81600.00 67800.00 67500.00 66600.00 68400.00 65700.00 66300.00 65400.00 59100.00 61800.00 58500.00 47400.00 56700.00 53400.00 51300.00 51000.00 49500.00 47100.00
19500.00 18600.00 55500.00 37500.00 4800.00 0.00 3300.00 4200.00 8100.00 90600.00 123000.00 127200.00 126900.00 134400.00 139200.00 141000.00 149100.00 159900.00 163200.00 164400.00 156900.00 176700.00 216000.00 231600.00 173400.00 171600.00 171600.00 163500.00 153600.00 136800.00 143700.00 140100.00 133500.00 131700.00 116400.00 103500.00 110400.00 110100.00 99000.00 90900.00 96000.00 84900.00 87000.00 84600.00 76500.00 77700.00 72600.00 77700.00 69600.00 67200.00 67200.00 65700.00 64200.00 62700.00 59700.00 59700.00 54600.00 54000.00 50100.00 51900.00 50100.00 50700.00 45300.00
38700.00 36900.00 34500.00 45300.00 21300.00 1200.00 36600.00 99000.00 109500.00 119100.00 117000.00 124500.00 130800.00 130500.00 140100.00 157200.00 159600.00 173700.00 179700.00 189600.00 194100.00 198000.00 220200.00 234600.00 204000.00 196800.00 181500.00 171900.00 168900.00 159300.00 146400.00 132900.00 142500.00 136200.00 126900.00 120000.00 109200.00 104400.00 105900.00 99300.00 92100.00 89100.00 83100.00 83400.00 79200.00 80100.00 76800.00 73800.00 69300.00 71400.00 68100.00 59100.00 63300.00 59700.00 59100.00 59400.00 53700.00 53100.00 50400.00 48900.00 49800.00 45900.00 47100.00
52800.00 46200.00 30000.00 6600.00 0.00 0.00 45300.00 117900.00 122100.00 129300.00 124500.00 139800.00 151200.00 146400.00 156900.00 172200.00 162600.00 194400.00 192300.00 210000.00 214500.00 215400.00 250200.00 259200.00 216300.00 199500.00 188400.00 197400.00 186900.00 181800.00 154800.00 145800.00 139800.00 129900.00 121200.00 120900.00 97500.00 93900.00 100800.00 102300.00 94800.00 97200.00 91200.00 86100.00 82800.00 79800.00 72000.00 75000.00 72600.00 71100.00 68400.00 65400.00 66600.00 62400.00 55500.00 55500.00 57300.00 53400.00 53400.00 47100.00 46500.00 50100.00 48900.00
46800.00 36900.00 26700.00 21000.00 4800.00 8100.00 56400.00 119400.00 120600.00 123000.00 120000.00 133500.00 149100.00 154800.00 173700.00 184500.00 198900.00 187500.00 223800.00 235200.00 243600.00 232200.00 289500.00 272400.00 235500.00 224100.00 191100.00 202500.00 197700.00 184500.00 171000.00 161400.00 148500.00 135000.00 136800.00 117600.00 111300.00 112800.00 104700.00 99000.00 100800.00 99300.00 94500.00 87300.00 83400.00 84000.00 79200.00 74100.00 75300.00 70800.00 70800.00 63900.00 63000.00 61800.00 55200.00 58500.00 55200.00 54300.00 53700.00 51300.00 50700.00 50400.00 49200.00
30000.00 29700.00 20100.00 47700.00 67800.00 32700.00 41700.00 122100.00 116400.00 132300.00 136800.00 146400.00 155400.00 165300.00 182100.00 187800.00 217500.00 219300.00 234000.00 257400.00 265200.00 285000.00 327600.00 281400.00 280500.00 268200.00 237000.00 223800.00 221700.00 199500.00 188700.00 175800.00 156600.00 159600.00 144900.00 129000.00 124800.00 117300.00 114600.00 101700.00 104700.00 100500.00 93000.00 90300.00 90000.00 84000.00 76500.00 73800.00 74400.00 66000.00 69000.00 61500.00 66600.00 62100.00 61500.00 57000.00 58500.00 56100.00 51900.00 52500.00 48600.00 48900.00 51000.00
35700.00 42600.00 53700.00 93900.00 90600.00 77700.00 106500.00 123300.00 127500.00 141600.00 135000.00 152100.00 166800.00 164700.00 182100.00 188400.00 227400.00 252600.00 271500.00 296700.00 310800.00 341100.00 365700.00 347700.00 330600.00 298800.00 279600.00 249900.00 241500.00 210000.00 195600.00 172800.00 166500.00 161100.00 149100.00 133500.00 123300.00 127200.00 114600.00 112800.00 106200.00 101100.00 91200.00 90600.00 85200.00 78900.00 80100.00 74700.00 67200.00 60000.00 62100.00 64500.00 61800.00 62400.00 62100.00 61800.00 55800.00 53700.00 54300.00 52500.00 51300.00 49800.00 51000.00
