test_data/test_outputs/Batch_Scan_20260611_083801/Bay_scan5_2026-06-10_12h14_45_346.csv.plot001_eqa_zenCut89_sz300.asc
ncols         300 
nrows         300 
xllcorner     -90.000000
yllcorner     -90.000000
cellsize      0.600000 
NODATA_value  -1
[rows 168 to 195 of 300, columns 126 to 188 of 300]
54900.00 60300.00 56100.00 62100.00 61500.00 68700.00 71400.00 71400.00 60300.00 61800.00 70200.00 52200.00 59700.00 72900.00 74700.00 65100.00 64800.00 64800.00 73500.00 91200.00 91500.00 82800.00 76800.00 84000.00 86700.00 137100.00 129300.00 81900.00 88200.00 88800.00 88200.00 79800.00 79800.00 42000.00 27900.00 75300.00 75000.00 58200.00 66000.00 64200.00 69900.00 55500.00 41100.00 64800.00 68400.00 76500.00 73500.00 60000.00 54900.00 50100.00 60600.00 55200.00 47700.00 38700.00 36300.00 6600.00 25500.00 43500.00 14100.00 36600.00 48600.00 39300.00 10500.00
52200.00 58800.00 55800.00 60300.00 65400.00 64800.00 66900.00 67800.00 46200.00 54900.00 59400.00 55200.00 69000.00 79200.00 82800.00 74400.00 80400.00 75000.00 84000.00 71100.00 67200.00 81000.00 81900.00 68100.00 78900.00 132600.00 90600.00 81000.00 90900.00 81000.00 79800.00 52500.00 61800.00 68100.00 53400.00 74400.00 86400.00 80400.00 74100.00 40500.00 42300.00 62100.00 60300.00 58200.00 60000.00 75000.00 74100.00 70500.00 34800.00 40800.00 56400.00 61800.00 49800.00 34200.00 33900.00 9900.00 27000.00 15300.00 6900.00 20700.00 51900.00 42000.00 36900.00
58200.00 59700.00 61800.00 63600.00 61200.00 59700.00 65700.00 58500.00 51600.00 50400.00 59400.00 57300.00 56400.00 66900.00 71400.00 80400.00 80400.00 78000.00 87600.00 82200.00 75300.00 78000.00 80100.00 66300.00 81900.00 151500.00 121200.00 84000.00 85200.00 85800.00 69000.00 67500.00 42000.00 34200.00 50100.00 29100.00 64200.00 78900.00 77700.00 73500.00 53700.00 67200.00 63300.00 65400.00 66600.00 60000.00 72300.00 68400.00 45600.00 40200.00 47100.00 57600.00 51600.00 6600.00 19500.00 40200.00 13800.00 4200.00 36900.00 34200.00 44700.00 37200.00 31500.00
57300.00 59100.00 52800.00 56400.00 48900.00 60300.00 53400.00 46200.00 60600.00 61200.00 54000.00 52800.00 49800.00 72900.00 66600.00 63000.00 53700.00 72000.00 84300.00 83100.00 81600.00 78300.00 62700.00 68100.00 70500.00 163200.00 106800.00 82800.00 84600.00 73200.00 84300.00 55800.00 54000.00 62400.00 27900.00 28800.00 66300.00 74100.00 60300.00 31800.00 48000.00 73200.00 65100.00 60900.00 58800.00 48000.00 70500.00 67800.00 57600.00 45900.00 42600.00 46800.00 50700.00 15000.00 9900.00 45300.00 15300.00 14400.00 39300.00 47100.00 49200.00 37800.00 31500.00
54900.00 52500.00 48000.00 47700.00 41700.00 58200.00 49200.00 54600.00 61500.00 68400.00 54000.00 40500.00 44400.00 45600.00 64800.00 66000.00 76500.00 80700.00 81300.00 72300.00 72900.00 69300.00 74100.00 79200.00 73800.00 136500.00 129300.00 69900.00 73500.00 81000.00 85200.00 51300.00 67800.00 75000.00 63000.00 59400.00 61200.00 62400.00 54900.00 33000.00 68700.00 69600.00 70200.00 60600.00 61500.00 53700.00 64800.00 66900.00 63600.00 48900.00 47100.00 40800.00 49500.00 13200.00 25800.00 39300.00 36300.00 18900.00 50100.00 46800.00 51300.00 39900.00 39000.00
56100.00 51900.00 49500.00 46200.00 41700.00 57000.00 58200.00 57600.00 59700.00 60300.00 45300.00 50700.00 57000.00 54000.00 57900.00 63900.00 73800.00 75600.00 73500.00 61200.00 57900.00 42300.00 76500.00 76500.00 88800.00 150000.00 118200.00 74100.00 75000.00 74400.00 77400.00 79800.00 76800.00 72900.00 67200.00 58500.00 47700.00 65400.00 64200.00 52500.00 68400.00 69000.00 66900.00 65700.00 54300.00 49200.00 61500.00 64800.00 63600.00 57000.00 46800.00 51000.00 54000.00 21900.00 28200.00 16800.00 47400.00 47400.00 41100.00 40800.00 48000.00 40500.00 41700.00
42600.00 54000.00 48900.00 46800.00 42600.00 54600.00 60000.00 60300.00 58200.00 47700.00 15900.00 24000.00 48000.00 55200.00 63000.00 56700.00 75600.00 61200.00 58200.00 63300.00 57300.00 70200.00 76200.00 74100.00 95700.00 144600.00 105600.00 59400.00 71400.00 75300.00 72600.00 72300.00 72300.00 69900.00 62400.00 68400.00 47700.00 64200.00 47700.00 32100.00 52500.00 66600.00 60900.00 63000.00 57900.00 55200.00 55200.00 54900.00 63600.00 59700.00 58800.00 46500.00 57000.00 53400.00 30000.00 30300.00 34200.00 39900.00 38700.00 44100.00 44700.00 43500.00 36900.00
40500.00 54900.00 45600.00 50700.00 39900.00 52200.00 53100.00 58500.00 48900.00 36000.00 38100.00 24900.00 51300.00 55200.00 55800.00 69300.00 71700.00 60600.00 57000.00 57600.00 49800.00 50400.00 69000.00 69900.00 96300.00 140400.00 100500.00 66000.00 68700.00 71400.00 70500.00 69900.00 69300.00 66000.00 66300.00 65100.00 62700.00 61200.00 37200.00 27600.00 34500.00 55200.00 63600.00 63600.00 58800.00 59100.00 42000.00 41100.00 48600.00 59400.00 57900.00 52200.00 55200.00 56100.00 54000.00 51000.00 39900.00 16200.00 46200.00 48900.00 39900.00 42000.00 42300.00
41700.00 44400.00 52200.00 48600.00 50100.00 57900.00 51600.00 54300.00 48000.00 41700.00 47100.00 50100.00 40800.00 53100.00 51300.00 71700.00 59700.00 61200.00 51300.00 53700.00 59400.00 63600.00 64500.00 72000.00 99300.00 133800.00 100200.00 66900.00 70800.00 69300.00 69900.00 71400.00 64200.00 50400.00 43800.00 63600.00 63000.00 54600.00 60300.00 27000.00 41400.00 57900.00 56700.00 33600.00 53400.00 58500.00 52500.00 43200.00 24900.00 59700.00 56100.00 52500.00 43500.00 22500.00 48600.00 51600.00 50100.00 41400.00 45600.00 42000.00 45900.00 42600.00 37500.00
39600.00 51300.00 50100.00 46200.00 52200.00 51000.00 50100.00 54900.00 54900.00 52500.00 45600.00 48000.00 48600.00 48000.00 62700.00 65400.00 63900.00 62400.00 59700.00 51900.00 51300.00 60900.00 63900.00 64500.00 100200.00 126300.00 99900.00 72000.00 63300.00 70200.00 63600.00 66600.00 67500.00 44700.00 48600.00 63900.00 56700.00 51000.00 35700.00 18300.00 44400.00 59100.00 51600.00 53100.00 62100.00 41100.00 37200.00 41100.00 36900.00 52200.00 55800.00 55200.00 45900.00 18300.00 45300.00 51600.00 50700.00 43200.00 46800.00 40200.00 44400.00 36000.00 38100.00
46500.00 46500.00 39900.00 41400.00 52500.00 52200.00 56100.00 56400.00 54600.00 36600.00 37500.00 52500.00 55500.00 53400.00 65700.00 64200.00 62100.00 60600.00 54000.00 55500.00 58800.00 61200.00 56100.00 54900.00 95700.00 123000.00 99900.00 67200.00 66300.00 56400.00 62100.00 64800.00 63900.00 61800.00 57900.00 64800.00 66900.00 43200.00 18000.00 24000.00 46500.00 48900.00 57900.00 59400.00 55200.00 54000.00 35700.00 49500.00 36600.00 51900.00 55500.00 52800.00 50700.00 26700.00 48900.00 51900.00 46800.00 47100.00 42900.00 47400.00 40200.00 39900.00 37500.00
45300.00 46800.00 44700.00 47400.00 50100.00 52800.00 52500.00 47400.00 54000.00 14700.00 17700.00 37800.00 49200.00 60900.00 62700.00 56700.00 63900.00 54300.00 57300.00 48300.00 54900.00 63900.00 63300.00 44100.00 103200.00 119100.00 102600.00 64200.00 65400.00 55200.00 57900.00 60900.00 61200.00 63900.00 62700.00 60000.00 60000.00 61500.00 49200.00 53100.00 42000.00 54000.00 56100.00 56100.00 58800.00 50700.00 49500.00 51000.00 31200.00 49200.00 56700.00 53100.00 49500.00 51000.00 50400.00 46800.00 27900.00 38100.00 42600.00 39900.00 39600.00 40800.00 37200.00
44100.00 49500.00 45900.00 46200.00 39600.00 44400.00 41100.00 45900.00 51000.00 27000.00 30000.00 45600.00 46500.00 60600.00 61500.00 51600.00 59100.00 57300.00 48600.00 46800.00 47400.00 57600.00 54000.00 51300.00 102600.00 125400.00 90600.00 60600.00 59400.00 54900.00 60300.00 52800.00 58200.00 60900.00 57900.00 60300.00 62100.00 59100.00 56400.00 46500.00 52500.00 52200.00 49800.00 46500.00 48900.00 51300.00 41100.00 29400.00 36600.00 49200.00 53100.00 52800.00 51600.00 50400.00 49200.00 30600.00 42900.00 38400.00 41100.00 42300.00 40200.00 40800.00 38700.00
45000.00 50400.00 46200.00 49500.00 42900.00 47700.00 47700.00 50100.00 43200.00 41100.00 42600.00 53700.00 54300.00 59400.00 59400.00 39300.00 50700.00 54900.00 57000.00 34500.00 58800.00 38400.00 47100.00 54000.00 99600.00 112200.00 86100.00 59400.00 59700.00 54600.00 55800.00 48300.00 51600.00 54900.00 57300.00 58800.00 57300.00 59100.00 60600.00 53700.00 54000.00 56400.00 53700.00 54000.00 51900.00 53100.00 30300.00 25500.00 45900.00 52500.00 51600.00 51900.00 50700.00 50100.00 47700.00 38400.00 33900.00 39600.00 42900.00 37800.00 38100.00 40200.00 37800.00
46200.00 46800.00 50700.00 50100.00 42900.00 48600.00 52800.00 47700.00 45900.00 44700.00 48300.00 47100.00 55200.00 61200.00 51600.00 50700.00 52800.00 54300.00 49500.00 45900.00 50700.00 54600.00 37200.00 47100.00 100200.00 103200.00 80100.00 58500.00 52800.00 51900.00 57300.00 56400.00 49800.00 57000.00 54300.00 51000.00 51600.00 57600.00 53100.00 54000.00 57000.00 54300.00 51600.00 51900.00 50700.00 50700.00 45000.00 41400.00 38100.00 47700.00 49200.00 51900.00 48900.00 48600.00 49200.00 47700.00 39300.00 40500.00 42600.00 39600.00 41400.00 39300.00 36600.00
44400.00 39300.00 50100.00 41400.00 44700.00 36600.00 41400.00 47400.00 45000.00 46500.00 52200.00 43200.00 54300.00 54600.00 53100.00 49200.00 47700.00 45000.00 29400.00 53100.00 33900.00 29700.00 49200.00 53400.00 105900.00 109200.00 80100.00 55200.00 51900.00 54300.00 44700.00 46500.00 53100.00 52800.00 55200.00 54000.00 39900.00 45300.00 57000.00 52800.00 55200.00 52200.00 51600.00 46500.00 46800.00 50100.00 50100.00 45600.00 42000.00 46500.00 47400.00 46200.00 48000.00 48300.00 48000.00 48000.00 45900.00 41100.00 39900.00 39000.00 41100.00 40200.00 25500.00
42000.00 43200.00 48000.00 39300.00 41100.00 42600.00 44400.00 42600.00 44100.00 47700.00 48300.00 45300.00 54300.00 51300.00 40800.00 37200.00 40800.00 35700.00 45000.00 50400.00 39000.00 26400.00 36000.00 48600.00 110100.00 107700.00 86100.00 45600.00 46800.00 52800.00 44700.00 56400.00 58200.00 54300.00 49500.00 57000.00 50100.00 48600.00 52800.00 51000.00 51900.00 49500.00 52200.00 50700.00 46800.00 48300.00 49200.00 38400.00 45000.00 43500.00 45300.00 45900.00 43800.00 46800.00 46500.00 45900.00 46800.00 45000.00 40800.00 33600.00 36300.00 28500.00 37500.00
45600.00 41100.00 46200.00 35100.00 47700.00 39900.00 45600.00 46500.00 46800.00 47700.00 46800.00 45300.00 54900.00 52800.00 47700.00 38700.00 47100.00 40800.00 53700.00 48300.00 35100.00 39000.00 45600.00 47400.00 102600.00 104700.00 80700.00 53100.00 46200.00 53100.00 55200.00 51300.00 54300.00 55200.00 52800.00 48000.00 44100.00 53700.00 43800.00 52200.00 51600.00 49800.00 49200.00 49800.00 48300.00 51300.00 42600.00 41700.00 44400.00 39300.00 41400.00 42000.00 40500.00 39600.00 44100.00 45600.00 45300.00 45600.00 43200.00 40800.00 39900.00 41100.00 40500.00
43200.00 46500.00 39900.00 39000.00 42900.00 40200.00 36600.00 40800.00 44100.00 46800.00 33900.00 47400.00 51900.00 50100.00 48900.00 53400.00 54300.00 54300.00 50100.00 51900.00 54300.00 49800.00 51900.00 45300.00 87900.00 100200.00 81300.00 48300.00 52200.00 52500.00 54000.00 51000.00 50700.00 52200.00 49800.00 53100.00 51000.00 51000.00 48600.00 46500.00 45300.00 48000.00 47100.00 51000.00 48300.00 41100.00 48000.00 43500.00 40500.00 42300.00 40200.00 42600.00 44400.00 39600.00 45000.00 45000.00 45600.00 43800.00 45000.00 42900.00 41400.00 41100.00 38400.00
44100.00 42600.00 44400.00 45600.00 47400.00 45600.00 38700.00 42600.00 46200.00 46500.00 29700.00 45300.00 51600.00 51900.00 42600.00 43800.00 47400.00 54600.00 41100.00 51300.00 51600.00 48300.00 43200.00 48000.00 84000.00 88500.00 75600.00 45600.00 37200.00 51600.00 38700.00 36900.00 49500.00 51900.00 53400.00 48900.00 49200.00 45300.00 50100.00 47700.00 49200.00 50400.00 44700.00 45600.00 48000.00 45900.00 42300.00 41100.00 42600.00 37800.00 42900.00 42900.00 42900.00 38400.00 36000.00 31800.00 42300.00 43200.00 42000.00 42600.00 43200.00 41400.00 41100.00
44700.00 42600.00 43200.00 39600.00 43200.00 43500.00 44100.00 44100.00 45000.00 38700.00 41100.00 44400.00 51000.00 49800.00 33900.00 41400.00 51900.00 48300.00 48600.00 48600.00 48000.00 49800.00 37800.00 50700.00 95100.00 98100.00 76800.00 50400.00 49200.00 47100.00 37500.00 26100.00 45600.00 42600.00 50100.00 49200.00 50700.00 47700.00 48600.00 48900.00 47400.00 46800.00 41700.00 40500.00 46200.00 43800.00 42000.00 43200.00 47100.00 44100.00 36000.00 39900.00 37800.00 39300.00 41700.00 33900.00 34500.00 42300.00 43200.00 40800.00 41100.00 40800.00 39300.00
42300.00 43200.00 40200.00 33600.00 20700.00 41100.00 43200.00 40500.00 46500.00 45300.00 44400.00 48300.00 48600.00 48000.00 47700.00 46800.00 46800.00 42600.00 41100.00 50700.00 47100.00 47400.00 36300.00 54000.00 93600.00 91500.00 73200.00 48000.00 46200.00 24000.00 27000.00 36000.00 39000.00 32100.00 39600.00 47100.00 46500.00 42900.00 40200.00 47700.00 43200.00 42000.00 34500.00 40200.00 39300.00 45000.00 42600.00 42900.00 41100.00 44700.00 39600.00 42300.00 33900.00 41100.00 35100.00 40500.00 37500.00 38100.00 37500.00 40500.00 41100.00 40500.00 40800.00
41400.00 43200.00 42300.00 36900.00 21600.00 34500.00 39300.00 32100.00 39300.00 39900.00 45600.00 46200.00 48000.00 48600.00 49800.00 46500.00 46800.00 48900.00 49200.00 45000.00 44400.00 47700.00 40800.00 55500.00 88200.00 87900.00 70200.00 49800.00 36900.00 18300.00 26700.00 29400.00 45300.00 45300.00 41700.00 41400.00 47400.00 46800.00 40800.00 40800.00 37500.00 35100.00 27900.00 40800.00 39600.00 39300.00 40500.00 42000.00 41700.00 37500.00 40800.00 40200.00 38700.00 37800.00 36900.00 33000.00 35100.00 36600.00 35400.00 37800.00 39000.00 39300.00 40500.00
36600.00 34800.00 38400.00 35700.00 33600.00 33600.00 41400.00 38400.00 33900.00 39300.00 36600.00 45900.00 44700.00 48000.00 47100.00 47100.00 46800.00 42600.00 45900.00 40800.00 44100.00 44400.00 44700.00 48600.00 81000.00 80400.00 59100.00 44100.00 40500.00 38700.00 40500.00 41400.00 44100.00 45000.00 42000.00 43500.00 41100.00 40200.00 41400.00 41100.00 42000.00 36000.00 39000.00 39900.00 42900.00 39600.00 40200.00 39300.00 39300.00 41400.00 41400.00 37800.00 38100.00 37500.00 33600.00 27600.00 33300.00 29400.00 36900.00 35400.00 36600.00 37800.00 38100.00
34800.00 34500.00 39000.00 35400.00 35100.00 38400.00 39600.00 38100.00 40500.00 41400.00 42900.00 40500.00 39600.00 45600.00 46200.00 47400.00 46500.00 43200.00 41700.00 44400.00 40800.00 42300.00 42000.00 43200.00 72900.00 77400.00 66300.00 42000.00 41400.00 39000.00 47100.00 29400.00 35100.00 43800.00 38400.00 34200.00 39900.00 37500.00 39600.00 42600.00 40800.00 43500.00 41100.00 39600.00 40200.00 43500.00 40200.00 42300.00 41400.00 40200.00 37500.00 36600.00 39000.00 37500.00 36000.00 36000.00 36000.00 34800.00 34800.00 37500.00 38400.00 36300.00 36300.00
34800.00 38100.00 34200.00 37500.00 35400.00 32400.00 37800.00 36300.00 39600.00 40800.00 45300.00 30600.00 29400.00 40200.00 42600.00 45600.00 45600.00 46200.00 41400.00 45300.00 41100.00 43200.00 32400.00 40200.00 68700.00 76800.00 55800.00 40500.00 35700.00 33000.00 39300.00 40200.00 39000.00 44100.00 45900.00 43800.00 25800.00 40800.00 40500.00 45300.00 41100.00 39900.00 42000.00 40200.00 42300.00 39000.00 40800.00 35100.00 33000.00 41100.00 36300.00 36300.00 38400.00 40500.00 31200.00 33000.00 37500.00 34500.00 36000.00 35700.00 35400.00 33000.00 36300.00
38100.00 33900.00 29700.00 33900.00 36300.00 31200.00 37200.00 30600.00 40200.00 42600.00 40500.00 40200.00 32100.00 38400.00 41100.00 43500.00 45300.00 46200.00 44400.00 42600.00 42900.00 43200.00 29700.00 56100.00 80100.00 83700.00 58800.00 44400.00 40800.00 41400.00 38700.00 35700.00 39600.00 43800.00 43200.00 44100.00 40200.00 43800.00 42300.00 40200.00 42000.00 34500.00 39900.00 40800.00 41700.00 42000.00 40500.00 40800.00 40500.00 32100.00 30300.00 40200.00 38400.00 38100.00 36900.00 36600.00 30300.00 28800.00 30300.00 24900.00 33900.00 36300.00 35700.00
38400.00 35100.00 25500.00 27300.00 31800.00 33900.00 28500.00 36600.00 42300.00 39300.00 43500.00 37500.00 40500.00 39000.00 42300.00 38400.00 44700.00 44700.00 45600.00 45300.00 41400.00 29100.00 28800.00 71100.00 77400.00 77100.00 54300.00 42000.00 41400.00 43500.00 42000.00 37500.00 39900.00 43200.00 43800.00 43200.00 39900.00 42300.00 41100.00 39900.00 39900.00 38700.00 39900.00 40500.00 39300.00 36000.00 37800.00 39300.00 39600.00 41700.00 37500.00 35400.00 36000.00 35400.00 31200.00 31200.00 33300.00 33000.00 28500.00 19500.00 35400.00 30600.00 35100.00
