test_data/test_outputs/Batch_Scan_20260611_083801/Bay_scan5_2026-06-10_12h14_45_346.csv.plot001_eqa_zenCut89_sz300.asc
ncols         300 
nrows         300 
xllcorner     -90.000000
yllcorner     -90.000000
cellsize      0.600000 
NODATA_value  -1
[rows 140 to 167 of 300, columns 126 to 188 of 300]
74100.00 65100.00 78300.00 71700.00 84600.00 82200.00 95100.00 97500.00 101400.00 95100.00 114900.00 112800.00 113700.00 131100.00 128400.00 150300.00 163500.00 166500.00 179400.00 188100.00 181200.00 216300.00 236100.00 248100.00 201300.00 129000.00 189000.00 148500.00 171300.00 148200.00 183900.00 169200.00 194700.00 176700.00 174000.00 168600.00 142800.00 140400.00 131400.00 131400.00 125400.00 99600.00 91200.00 52800.00 54900.00 79200.00 49500.00 78000.00 69900.00 76200.00 71100.00 72000.00 72000.00 72900.00 64800.00 56100.00 63300.00 54900.00 52200.00 40200.00 56400.00 52500.00 54300.00
72000.00 74400.00 80700.00 84600.00 79800.00 80400.00 87300.00 96600.00 105000.00 110100.00 111900.00 121200.00 105300.00 143100.00 141000.00 159600.00 166800.00 187200.00 186300.00 184800.00 210000.00 259200.00 242100.00 239700.00 264300.00 213600.00 191400.00 235200.00 168000.00 249000.00 188400.00 216000.00 225600.00 210900.00 181200.00 159600.00 170100.00 131400.00 129900.00 121800.00 109800.00 112200.00 78300.00 51900.00 77400.00 70500.00 59400.00 84600.00 88200.00 75900.00 75600.00 74100.00 67200.00 69600.00 55800.00 60000.00 66000.00 57900.00 56100.00 57300.00 59100.00 54600.00 49200.00
71700.00 79500.00 80400.00 81300.00 83100.00 79800.00 86100.00 99600.00 105600.00 106500.00 111300.00 118800.00 106500.00 144000.00 151500.00 159600.00 159300.00 186000.00 201300.00 195600.00 239400.00 268200.00 285600.00 226800.00 342900.00 302100.00 344100.00 352500.00 303000.00 275400.00 261900.00 246900.00 232500.00 221400.00 186900.00 172200.00 164100.00 146700.00 133500.00 124500.00 125100.00 117000.00 104400.00 75000.00 71700.00 86700.00 93900.00 84300.00 80100.00 63300.00 75000.00 66000.00 69600.00 66600.00 63600.00 67200.00 63000.00 63000.00 59100.00 57900.00 57000.00 50400.00 48600.00
72300.00 74700.00 80400.00 76800.00 67800.00 96300.00 94800.00 99900.00 109500.00 108000.00 117000.00 129600.00 113700.00 139800.00 154500.00 167100.00 168000.00 192000.00 223200.00 233700.00 255000.00 291900.00 335400.00 354000.00 405300.00 414300.00 401400.00 442800.00 355500.00 276300.00 273900.00 302400.00 254100.00 232800.00 214500.00 183300.00 176400.00 146400.00 126000.00 126900.00 122700.00 115200.00 114600.00 92400.00 90900.00 94200.00 85200.00 76800.00 54900.00 65400.00 64500.00 77100.00 72000.00 72900.00 65700.00 66000.00 60900.00 64500.00 61200.00 60900.00 59700.00 46200.00 45600.00
75600.00 68700.00 72900.00 83400.00 86100.00 96900.00 95100.00 99600.00 97500.00 95700.00 118800.00 127800.00 122700.00 122100.00 166200.00 170700.00 189000.00 197700.00 235800.00 253800.00 299100.00 328500.00 370800.00 449400.00 501900.00 612600.00 536400.00 579000.00 470700.00 364800.00 346800.00 306600.00 251700.00 242400.00 216300.00 184500.00 177900.00 147000.00 141900.00 130800.00 131100.00 124500.00 111000.00 111300.00 94800.00 92700.00 96900.00 89400.00 57300.00 56100.00 72300.00 76500.00 68100.00 69000.00 68400.00 65100.00 60900.00 62400.00 58200.00 56100.00 61800.00 57300.00 53700.00
77100.00 75900.00 84900.00 80400.00 92400.00 96300.00 102000.00 106800.00 109500.00 94200.00 120000.00 114000.00 120300.00 138300.00 146100.00 166200.00 195300.00 199800.00 238800.00 278700.00 289200.00 335700.00 458700.00 541800.00 647700.00 791100.00 737700.00 827700.00 532800.00 513600.00 411300.00 337500.00 308100.00 255000.00 216000.00 186900.00 163200.00 168300.00 150900.00 132600.00 126900.00 121500.00 121200.00 110400.00 107700.00 92400.00 91200.00 80100.00 78900.00 85200.00 78600.00 79200.00 74100.00 67200.00 66000.00 66000.00 60300.00 55200.00 51000.00 55200.00 53700.00 55200.00 55500.00
80100.00 79500.00 84600.00 89700.00 87600.00 97200.00 97500.00 113400.00 112800.00 102300.00 106800.00 116400.00 140100.00 141000.00 141900.00 162600.00 173100.00 205800.00 243900.00 267000.00 326700.00 381000.00 471300.00 582000.00 748800.00 1281300.00 1225800.00 1241400.00 762000.00 597000.00 451200.00 327300.00 237600.00 245100.00 184200.00 192300.00 177600.00 160500.00 148500.00 142500.00 125700.00 120000.00 98400.00 98700.00 104700.00 98100.00 96300.00 78300.00 82500.00 82200.00 79200.00 77100.00 70800.00 68400.00 66600.00 66600.00 62100.00 61800.00 54900.00 54300.00 57600.00 50100.00 23700.00
78000.00 78300.00 85500.00 83700.00 89400.00 94200.00 97200.00 106500.00 115200.00 111900.00 108900.00 117300.00 128100.00 133200.00 177000.00 187800.00 180900.00 216300.00 248700.00 269700.00 308700.00 390900.00 494700.00 538200.00 811500.00 1852500.00 5468100.00 1680900.00 936600.00 648600.00 417900.00 315600.00 216300.00 237900.00 225900.00 206100.00 188100.00 165000.00 149100.00 124500.00 108300.00 116400.00 76200.00 104700.00 111000.00 105000.00 92700.00 77400.00 81000.00 63600.00 68400.00 77400.00 69900.00 67200.00 65400.00 66600.00 62700.00 64800.00 53700.00 55800.00 54600.00 46200.00 24600.00
72300.00 84600.00 85500.00 82200.00 94500.00 90900.00 100200.00 105600.00 111300.00 103200.00 120600.00 117600.00 111300.00 128700.00 142800.00 170400.00 189300.00 209700.00 242100.00 274800.00 299100.00 372000.00 480900.00 609900.00 927900.00 1289700.00 3270900.00 1143300.00 912000.00 639300.00 330900.00 278700.00 283500.00 245700.00 228300.00 210000.00 201900.00 171000.00 159900.00 133500.00 120000.00 122400.00 119700.00 111300.00 103800.00 96300.00 59400.00 86400.00 88200.00 77100.00 81300.00 74400.00 72900.00 67800.00 71400.00 71100.00 66000.00 51300.00 49200.00 55800.00 39900.00 41400.00 45900.00
71700.00 79500.00 74400.00 87600.00 93600.00 97200.00 93900.00 95700.00 111900.00 111900.00 123000.00 117900.00 129900.00 120900.00 123900.00 177600.00 176700.00 201000.00 215100.00 283500.00 306600.00 344700.00 472500.00 582000.00 778500.00 1002300.00 1693200.00 635700.00 640800.00 566100.00 316500.00 254700.00 266400.00 247500.00 187500.00 207300.00 190200.00 173700.00 168000.00 144300.00 127500.00 130200.00 120600.00 113400.00 107400.00 97200.00 95100.00 94200.00 89700.00 87900.00 69900.00 75000.00 72300.00 72300.00 65100.00 67200.00 63600.00 33600.00 50100.00 51300.00 25800.00 31200.00 55200.00
72000.00 73200.00 78300.00 82800.00 88800.00 78000.00 96300.00 94500.00 104100.00 99000.00 113400.00 123600.00 132000.00 115200.00 113400.00 156900.00 168300.00 192300.00 186300.00 262500.00 291000.00 321300.00 442200.00 518400.00 600600.00 701100.00 1107300.00 701700.00 615900.00 488100.00 282900.00 345900.00 314100.00 266100.00 208200.00 205500.00 185100.00 165300.00 150300.00 140400.00 140700.00 125100.00 113400.00 111000.00 108300.00 100500.00 98100.00 87300.00 61800.00 81300.00 73200.00 73800.00 72600.00 71100.00 66600.00 63900.00 55200.00 60900.00 63600.00 59100.00 40500.00 45300.00 56700.00
71400.00 77400.00 71700.00 86100.00 92400.00 96300.00 84000.00 102600.00 112200.00 112200.00 120300.00 129900.00 138300.00 139800.00 134400.00 143700.00 155400.00 184800.00 175500.00 201900.00 280500.00 304500.00 332100.00 409800.00 488400.00 554700.00 876600.00 339900.00 394200.00 392100.00 331200.00 314400.00 289200.00 243000.00 199200.00 172200.00 178200.00 172500.00 159000.00 137100.00 116700.00 109500.00 117900.00 101700.00 96000.00 84300.00 86700.00 92700.00 65400.00 70500.00 74400.00 81900.00 73200.00 71700.00 73200.00 63000.00 63900.00 60000.00 59100.00 60600.00 56100.00 45600.00 49500.00
72300.00 78600.00 85200.00 85500.00 92100.00 97500.00 96900.00 96300.00 104100.00 117000.00 119700.00 129000.00 132900.00 143700.00 138300.00 158400.00 169800.00 179700.00 218400.00 227100.00 248700.00 283200.00 337500.00 334500.00 314700.00 414000.00 672000.00 407400.00 324300.00 335100.00 322200.00 296400.00 256200.00 233400.00 194700.00 175500.00 178800.00 164700.00 157500.00 139200.00 87900.00 76800.00 119700.00 105300.00 93600.00 83400.00 86700.00 96300.00 63900.00 80400.00 66900.00 82500.00 77100.00 70800.00 72000.00 60000.00 64200.00 57000.00 60000.00 66300.00 55800.00 50700.00 49800.00
69900.00 72300.00 77100.00 85500.00 91200.00 93900.00 99300.00 102000.00 98100.00 100800.00 114000.00 126300.00 129600.00 143100.00 147900.00 146100.00 164400.00 183000.00 204900.00 216300.00 245400.00 261600.00 291000.00 302700.00 326700.00 363900.00 561600.00 357300.00 317100.00 284400.00 272400.00 259200.00 245100.00 219900.00 192600.00 184800.00 162600.00 161400.00 150000.00 136500.00 121200.00 114600.00 116700.00 107100.00 93600.00 94800.00 93300.00 84000.00 84000.00 77700.00 70200.00 77700.00 78000.00 70800.00 66900.00 64800.00 61500.00 60000.00 63000.00 59700.00 55500.00 52800.00 39000.00
72900.00 74700.00 64200.00 72900.00 77400.00 87600.00 95100.00 102000.00 97800.00 97800.00 109800.00 120600.00 122400.00 123300.00 143700.00 160200.00 164700.00 173400.00 194400.00 213300.00 223200.00 230100.00 234900.00 236700.00 296400.00 313500.00 432000.00 281400.00 265800.00 260700.00 234300.00 229200.00 221400.00 199200.00 188700.00 162600.00 147600.00 155700.00 142500.00 131100.00 131700.00 119700.00 101700.00 101700.00 101100.00 89100.00 63300.00 70200.00 64500.00 69600.00 77400.00 79500.00 70800.00 70500.00 64200.00 61500.00 62400.00 55800.00 62100.00 58200.00 53100.00 53100.00 29400.00
77100.00 75000.00 68100.00 56400.00 69300.00 81900.00 88200.00 84900.00 90900.00 109200.00 101400.00 104400.00 106200.00 116700.00 134700.00 124500.00 116400.00 156900.00 174300.00 186600.00 207000.00 222000.00 226500.00 152700.00 251100.00 254400.00 321000.00 241500.00 234000.00 226500.00 230400.00 217800.00 196200.00 191400.00 179100.00 162900.00 151500.00 154800.00 145500.00 123300.00 130500.00 116100.00 111600.00 108600.00 101100.00 95700.00 55800.00 50400.00 63600.00 66300.00 72300.00 77100.00 75000.00 68700.00 61800.00 63900.00 59700.00 60600.00 61500.00 45000.00 39300.00 54000.00 44400.00
70500.00 71100.00 67200.00 66600.00 78600.00 82200.00 81300.00 89400.00 97200.00 102000.00 86400.00 99900.00 110400.00 128400.00 103800.00 143100.00 128400.00 149700.00 169200.00 181200.00 186600.00 211800.00 204000.00 200100.00 204900.00 265200.00 366600.00 204900.00 207000.00 214500.00 198900.00 186000.00 183300.00 177000.00 153600.00 166800.00 136200.00 136200.00 139200.00 119400.00 128400.00 118500.00 104700.00 97800.00 103200.00 83700.00 81900.00 82200.00 74400.00 60900.00 77700.00 66000.00 63600.00 71700.00 66300.00 61800.00 59100.00 59100.00 54600.00 51900.00 56100.00 53400.00 54900.00
65700.00 69000.00 76200.00 73500.00 70200.00 88200.00 82500.00 81300.00 95100.00 96300.00 88800.00 103200.00 100800.00 92700.00 112500.00 120000.00 140100.00 154500.00 120900.00 164100.00 167700.00 177300.00 185100.00 157800.00 185700.00 241800.00 301200.00 188400.00 187200.00 186300.00 191100.00 183900.00 170700.00 162300.00 142500.00 150900.00 144600.00 129900.00 120600.00 94500.00 104400.00 112500.00 104400.00 87000.00 93900.00 83700.00 77100.00 74700.00 87300.00 82200.00 73800.00 70500.00 69000.00 48900.00 64800.00 66600.00 62100.00 62100.00 60000.00 54300.00 55500.00 56100.00 54600.00
66300.00 64800.00 63900.00 70200.00 73500.00 83100.00 90600.00 84600.00 97800.00 103200.00 97200.00 106800.00 108600.00 105900.00 116400.00 129000.00 136500.00 137100.00 121500.00 141300.00 169200.00 167700.00 174000.00 166500.00 183300.00 228300.00 280800.00 167100.00 145800.00 129600.00 168000.00 157500.00 148500.00 127200.00 147900.00 144000.00 144900.00 124200.00 102900.00 104700.00 101100.00 106200.00 111300.00 71400.00 88500.00 81300.00 81900.00 71700.00 78300.00 75000.00 71400.00 70200.00 70500.00 60300.00 69300.00 66000.00 65100.00 61200.00 60600.00 48600.00 54300.00 35700.00 43500.00
66300.00 59700.00 56700.00 65700.00 69600.00 75600.00 85500.00 86100.00 90000.00 91200.00 87000.00 87300.00 102600.00 113100.00 114000.00 125100.00 121500.00 113700.00 120300.00 119700.00 151200.00 151800.00 158700.00 145200.00 143100.00 206100.00 257400.00 153900.00 143100.00 112800.00 144600.00 132300.00 148800.00 147000.00 139200.00 131700.00 119400.00 125100.00 88200.00 101400.00 105000.00 105000.00 103200.00 83100.00 69000.00 75300.00 90600.00 71700.00 72000.00 65700.00 70200.00 70500.00 69600.00 66300.00 68700.00 64200.00 63300.00 59400.00 51300.00 44100.00 39300.00 39900.00 44700.00
60900.00 48600.00 57900.00 61800.00 68400.00 79500.00 85500.00 84600.00 86400.00 94200.00 87300.00 90300.00 98400.00 109200.00 114600.00 119700.00 115800.00 93000.00 110400.00 132300.00 147600.00 150600.00 145800.00 144900.00 146100.00 163800.00 211200.00 130800.00 127500.00 131700.00 147300.00 137700.00 121800.00 115200.00 112500.00 111300.00 121800.00 117300.00 95400.00 87000.00 105000.00 94200.00 91200.00 94200.00 47700.00 60300.00 88500.00 77100.00 47100.00 43800.00 59700.00 74100.00 71400.00 66000.00 63300.00 60000.00 58500.00 45600.00 52200.00 42000.00 47400.00 52500.00 40500.00
51000.00 64500.00 63600.00 61200.00 62700.00 77100.00 78000.00 85200.00 93300.00 82500.00 89100.00 88200.00 100800.00 108000.00 109200.00 99900.00 104400.00 111600.00 126300.00 124500.00 133800.00 119100.00 116700.00 130200.00 125100.00 175800.00 208200.00 132300.00 150900.00 139200.00 123900.00 133800.00 97800.00 99000.00 120300.00 119400.00 117000.00 113400.00 104400.00 106500.00 99000.00 76800.00 92400.00 98100.00 76200.00 83700.00 86700.00 70800.00 65100.00 48900.00 63300.00 68400.00 71400.00 68100.00 40800.00 54600.00 38700.00 55200.00 57000.00 51600.00 51600.00 54300.00 35700.00
62100.00 69000.00 70200.00 58500.00 74100.00 75600.00 78600.00 84600.00 90000.00 82500.00 77100.00 86100.00 100800.00 100200.00 97800.00 99300.00 104400.00 102000.00 118200.00 123300.00 128700.00 116400.00 99000.00 116700.00 106500.00 170700.00 197400.00 129300.00 135300.00 129000.00 129600.00 123300.00 95400.00 117300.00 111600.00 92700.00 100800.00 101400.00 104100.00 103800.00 90000.00 76800.00 80400.00 73500.00 87300.00 76800.00 82800.00 64800.00 34800.00 57600.00 61200.00 64800.00 66600.00 62700.00 60900.00 62400.00 58500.00 42300.00 50700.00 42900.00 55800.00 51300.00 52800.00
68400.00 62100.00 60600.00 60900.00 66300.00 72000.00 72000.00 78600.00 81300.00 84600.00 88500.00 94800.00 94200.00 104700.00 86400.00 82800.00 93300.00 105600.00 111900.00 115800.00 117900.00 121800.00 122700.00 124500.00 116700.00 177000.00 188100.00 114000.00 103200.00 117300.00 124200.00 124500.00 122700.00 106500.00 86400.00 106500.00 63900.00 96300.00 99000.00 99900.00 93900.00 91500.00 84300.00 79800.00 87600.00 81000.00 76800.00 70500.00 40500.00 60300.00 61200.00 64200.00 68700.00 63600.00 61800.00 56400.00 54600.00 60000.00 57600.00 54600.00 53700.00 51600.00 37200.00
63000.00 70200.00 66900.00 73800.00 68700.00 73800.00 78900.00 80400.00 83400.00 78600.00 89700.00 95400.00 88500.00 87600.00 93000.00 87600.00 95700.00 92100.00 103800.00 116100.00 124500.00 117000.00 117900.00 111300.00 106800.00 184800.00 184200.00 114000.00 123300.00 110100.00 116100.00 113100.00 88800.00 102300.00 71400.00 65100.00 77400.00 96600.00 90000.00 80100.00 88200.00 90900.00 87300.00 71400.00 79500.00 78300.00 70500.00 71700.00 56100.00 60600.00 61500.00 64500.00 57000.00 56400.00 59700.00 59700.00 59100.00 59100.00 40800.00 49200.00 51900.00 51000.00 37800.00
64200.00 65400.00 68700.00 69600.00 75300.00 76200.00 72600.00 76500.00 79200.00 85500.00 83700.00 79800.00 87900.00 85500.00 93300.00 97500.00 101700.00 100500.00 104100.00 111900.00 108000.00 107700.00 110400.00 110100.00 96600.00 176700.00 159000.00 100800.00 107700.00 111300.00 93600.00 100800.00 71700.00 78300.00 65700.00 66000.00 65400.00 84600.00 91200.00 75900.00 80400.00 88500.00 81600.00 81000.00 75900.00 80700.00 66300.00 66900.00 53100.00 45900.00 60000.00 48600.00 55200.00 59700.00 61200.00 42900.00 51000.00 56400.00 31200.00 23400.00 44400.00 47700.00 43500.00
61200.00 68400.00 67500.00 66900.00 67200.00 72600.00 71400.00 78300.00 82200.00 82200.00 78300.00 75600.00 82500.00 89700.00 88800.00 87900.00 87000.00 98400.00 92100.00 96600.00 101400.00 106800.00 106200.00 103800.00 100500.00 177000.00 168300.00 106200.00 98400.00 102600.00 101700.00 97800.00 70800.00 74400.00 100200.00 91500.00 43500.00 50100.00 60600.00 79800.00 88500.00 51900.00 59100.00 74400.00 75900.00 79800.00 67200.00 69600.00 59700.00 46200.00 61800.00 53400.00 17100.00 13200.00 45000.00 19800.00 5400.00 36900.00 18000.00 38100.00 52200.00 30900.00 34500.00
62400.00 62700.00 64200.00 62100.00 66000.00 68700.00 68700.00 71400.00 72900.00 74700.00 80100.00 56700.00 75000.00 81000.00 79200.00 77700.00 69300.00 66600.00 85800.00 74700.00 90600.00 84600.00 90000.00 96600.00 93600.00 176100.00 156000.00 97200.00 97800.00 90900.00 93000.00 76500.00 46800.00 34500.00 66300.00 72900.00 49800.00 72000.00 65100.00 82500.00 54300.00 51600.00 52800.00 57300.00 79800.00 78900.00 75300.00 63600.00 66900.00 55800.00 63300.00 58200.00 21900.00 42000.00 46200.00 22800.00 28200.00 41700.00 26400.00 43800.00 40800.00 28200.00 24900.00
