test_data/test_outputs/Batch_Scan_20260611_083801/Oak_scan3_2026-06-10_12h14_45_190.csv.plot001_eqa_zenCut89_sz300.asc
ncols         300 
nrows         300 
xllcorner     -90.000000
yllcorner     -90.000000
cellsize      0.600000 
NODATA_value  -1
[rows 140 to 167 of 300, columns 128 to 191 of 300]
93000.00 93900.00 102600.00 109200.00 115800.00 121800.00 133200.00 134400.00 135300.00 145500.00 150900.00 159900.00 164400.00 164400.00 162600.00 180300.00 158700.00 176100.00 140100.00 31200.00 165000.00 159600.00 159300.00 144600.00 157200.00 45900.00 69300.00 36600.00 6000.00 0.00 0.00 0.00 0.00 0.00 0.00 32400.00 98400.00 74400.00 79200.00 72000.00 76500.00 62400.00 68100.00 58500.00 64200.00 50100.00 53400.00 67800.00 42000.00 55200.00 38100.00 27300.00 37500.00 41100.00 49500.00 51600.00 46800.00 38100.00 48900.00 48000.00 45000.00 47400.00 41400.00 31500.00
106200.00 103800.00 108600.00 118800.00 123900.00 129000.00 133500.00 141300.00 151800.00 144900.00 167400.00 171000.00 166500.00 186900.00 172200.00 191700.00 183900.00 210600.00 157500.00 100500.00 174000.00 176100.00 165300.00 165000.00 161100.00 104400.00 41100.00 109800.00 135600.00 96900.00 17100.00 0.00 0.00 0.00 0.00 4200.00 45300.00 82800.00 73500.00 80100.00 72600.00 66000.00 67200.00 57300.00 62700.00 58200.00 66000.00 62100.00 41400.00 42300.00 42900.00 44400.00 43500.00 46200.00 36600.00 31500.00 38400.00 39600.00 45000.00 39300.00 35400.00 39900.00 34200.00 32700.00
103800.00 108900.00 116100.00 121200.00 123300.00 117900.00 138600.00 148500.00 136200.00 141600.00 144600.00 178500.00 131400.00 194400.00 195000.00 209400.00 133500.00 116700.00 160500.00 207300.00 183300.00 201600.00 174000.00 162600.00 136500.00 60300.00 6900.00 19200.00 73800.00 67800.00 14700.00 0.00 0.00 0.00 0.00 0.00 46500.00 90300.00 69900.00 75900.00 74400.00 73200.00 64500.00 66300.00 65700.00 59100.00 63000.00 63000.00 50100.00 44100.00 31500.00 56400.00 42000.00 33900.00 30300.00 35700.00 39300.00 10500.00 34500.00 39600.00 38400.00 40200.00 29700.00 42000.00
101400.00 105900.00 119100.00 131400.00 139500.00 131100.00 134100.00 150300.00 163500.00 135600.00 151800.00 187500.00 189900.00 211200.00 225000.00 206700.00 232200.00 211800.00 234600.00 201300.00 192000.00 228600.00 179400.00 194100.00 184200.00 150600.00 7200.00 0.00 0.00 0.00 0.00 0.00 0.00 0.00 0.00 0.00 65400.00 82800.00 81900.00 76800.00 75600.00 71700.00 61800.00 63300.00 61500.00 65100.00 61200.00 58500.00 54000.00 50400.00 39300.00 46800.00 36000.00 30600.00 42900.00 40500.00 26700.00 5100.00 27900.00 45900.00 30300.00 36300.00 36900.00 35100.00
78600.00 48300.00 94200.00 132000.00 96000.00 129300.00 97500.00 150300.00 175500.00 144300.00 143100.00 192600.00 207600.00 237900.00 256800.00 252600.00 249000.00 167700.00 217800.00 228600.00 225900.00 222600.00 212400.00 201900.00 190500.00 173400.00 105900.00 60300.00 14700.00 0.00 0.00 0.00 0.00 0.00 0.00 300.00 45600.00 85500.00 78300.00 91200.00 77100.00 72600.00 71700.00 71700.00 67800.00 55800.00 51600.00 42900.00 63600.00 54900.00 38400.00 34800.00 37200.00 20100.00 28800.00 23100.00 30000.00 33000.00 33600.00 42600.00 31200.00 38700.00 31800.00 34800.00
76200.00 86700.00 140100.00 129000.00 123600.00 143700.00 45000.00 67200.00 137700.00 132900.00 212700.00 228300.00 228300.00 257100.00 281400.00 282000.00 96600.00 108300.00 140700.00 243900.00 287100.00 225600.00 239400.00 221400.00 211800.00 195600.00 183600.00 156900.00 27000.00 0.00 0.00 0.00 0.00 0.00 21900.00 58500.00 93300.00 91800.00 86700.00 76800.00 76800.00 79200.00 67500.00 76200.00 65400.00 56100.00 67200.00 56100.00 58800.00 44400.00 52800.00 41100.00 46200.00 46200.00 29700.00 22500.00 31800.00 30300.00 36900.00 42300.00 43200.00 36600.00 38100.00 32100.00
110100.00 117600.00 124800.00 138600.00 144600.00 139200.00 127800.00 75300.00 89100.00 110700.00 219300.00 255600.00 268200.00 289200.00 328200.00 304200.00 346800.00 258900.00 276900.00 245700.00 316200.00 291300.00 265200.00 243900.00 154200.00 197100.00 189000.00 113700.00 15300.00 0.00 0.00 0.00 0.00 0.00 18900.00 92100.00 97500.00 94800.00 87300.00 79500.00 78900.00 75300.00 52800.00 66900.00 65100.00 60600.00 63900.00 40500.00 52800.00 30000.00 45300.00 34200.00 53400.00 43800.00 33300.00 38100.00 50100.00 12000.00 28800.00 36900.00 34800.00 40800.00 40500.00 36000.00
119700.00 137400.00 126000.00 144600.00 135300.00 158100.00 168600.00 180000.00 180600.00 182100.00 218700.00 143100.00 295500.00 317400.00 368400.00 414600.00 424500.00 291900.00 435000.00 393300.00 366900.00 321000.00 275400.00 268200.00 165600.00 88500.00 168900.00 181500.00 64200.00 0.00 0.00 0.00 0.00 0.00 0.00 2400.00 71700.00 61200.00 56100.00 61500.00 74400.00 74400.00 64500.00 51600.00 64800.00 63900.00 60900.00 63300.00 35700.00 34500.00 46200.00 33900.00 36300.00 25200.00 8700.00 36600.00 43800.00 27300.00 45600.00 45300.00 42000.00 37800.00 38400.00 39300.00
122100.00 130500.00 135300.00 146400.00 138900.00 152400.00 174300.00 195600.00 211200.00 223500.00 233400.00 271200.00 324600.00 365100.00 426000.00 510300.00 540300.00 332400.00 525900.00 474300.00 422700.00 355200.00 314100.00 283200.00 243600.00 122100.00 54600.00 23100.00 6900.00 0.00 0.00 0.00 0.00 0.00 0.00 0.00 8700.00 40800.00 62700.00 5400.00 42300.00 60300.00 72300.00 58800.00 38700.00 48600.00 65400.00 55800.00 51300.00 47700.00 50100.00 49200.00 48300.00 41100.00 44400.00 19800.00 27300.00 32100.00 45900.00 36900.00 45900.00 42900.00 39900.00 39300.00
120300.00 135300.00 136800.00 152100.00 154800.00 159900.00 190800.00 197400.00 200100.00 242400.00 280200.00 318600.00 378000.00 444000.00 524700.00 636300.00 720300.00 409500.00 674400.00 584700.00 498600.00 171600.00 221400.00 316200.00 221100.00 39600.00 0.00 0.00 0.00 0.00 0.00 0.00 0.00 0.00 0.00 0.00 7800.00 77100.00 72600.00 15300.00 45600.00 73200.00 75600.00 71100.00 57600.00 39900.00 58800.00 50400.00 39900.00 49500.00 50700.00 50100.00 50700.00 47400.00 44700.00 3900.00 15000.00 42600.00 49500.00 45300.00 43800.00 40800.00 40500.00 43800.00
122700.00 125100.00 134100.00 155400.00 158700.00 166500.00 173100.00 192600.00 223500.00 238500.00 288900.00 262200.00 340500.00 464100.00 576300.00 814200.00 1012200.00 554400.00 936000.00 705600.00 559800.00 298800.00 141000.00 325200.00 103800.00 0.00 0.00 0.00 0.00 0.00 0.00 0.00 0.00 0.00 0.00 0.00 0.00 48300.00 22800.00 300.00 6600.00 59400.00 76500.00 72900.00 73800.00 62100.00 49500.00 31500.00 20100.00 18300.00 14700.00 42600.00 38100.00 44100.00 24000.00 1200.00 17400.00 31200.00 46500.00 42300.00 45600.00 45300.00 43500.00 42300.00
120300.00 120600.00 143100.00 141300.00 171600.00 187800.00 188400.00 207600.00 218400.00 262200.00 245400.00 284700.00 349800.00 421200.00 678000.00 1005900.00 1732500.00 1067400.00 1505100.00 912000.00 622500.00 467100.00 333600.00 260700.00 248100.00 19500.00 0.00 0.00 0.00 0.00 0.00 0.00 0.00 0.00 0.00 0.00 0.00 1500.00 14400.00 49800.00 70200.00 60300.00 56700.00 67500.00 55500.00 46500.00 50400.00 51900.00 41400.00 32400.00 24300.00 39900.00 47100.00 37800.00 18300.00 1800.00 13800.00 49500.00 44100.00 35400.00 31800.00 45000.00 45000.00 42600.00
120000.00 118200.00 132000.00 145800.00 165600.00 177600.00 197700.00 204300.00 234300.00 254700.00 288000.00 314400.00 362100.00 368700.00 649500.00 791700.00 2907300.00 6293100.00 1788300.00 971100.00 645300.00 509400.00 312600.00 330300.00 290100.00 231900.00 20100.00 0.00 0.00 0.00 0.00 0.00 0.00 0.00 0.00 2100.00 54000.00 57300.00 85800.00 91800.00 76800.00 42000.00 57300.00 69300.00 27300.00 44100.00 21600.00 43500.00 40200.00 12600.00 23100.00 47400.00 42900.00 51300.00 40500.00 600.00 29700.00 47100.00 45900.00 40500.00 30000.00 41700.00 40500.00 42900.00
120600.00 127800.00 133500.00 153600.00 156900.00 181500.00 180300.00 211500.00 225300.00 245700.00 273600.00 297900.00 380100.00 491700.00 577800.00 957600.00 1571700.00 2868000.00 1317900.00 849600.00 619500.00 430500.00 326700.00 129300.00 165300.00 101400.00 14700.00 0.00 0.00 0.00 0.00 0.00 0.00 0.00 0.00 12000.00 60000.00 79200.00 88800.00 88800.00 80400.00 41700.00 55200.00 70800.00 34200.00 42000.00 14100.00 33000.00 47100.00 27000.00 36600.00 30600.00 25200.00 49500.00 40500.00 12000.00 22500.00 39300.00 47100.00 43500.00 33000.00 39600.00 42300.00 42300.00
120000.00 121200.00 133500.00 142800.00 159300.00 160800.00 195600.00 206100.00 226200.00 236400.00 300900.00 367200.00 429000.00 474300.00 528000.00 632400.00 1009200.00 1539300.00 853500.00 681300.00 555600.00 267600.00 0.00 0.00 0.00 0.00 0.00 0.00 0.00 0.00 0.00 0.00 0.00 0.00 28800.00 88800.00 99300.00 98700.00 89100.00 87000.00 69900.00 69300.00 74400.00 64800.00 44400.00 48300.00 30600.00 30600.00 53700.00 53400.00 40800.00 31200.00 20100.00 26700.00 25200.00 20400.00 42000.00 28200.00 38400.00 47400.00 43200.00 45300.00 43800.00 43800.00
117900.00 118800.00 121500.00 127500.00 148200.00 159900.00 182400.00 192300.00 221100.00 248700.00 254400.00 285000.00 358200.00 405600.00 485400.00 572700.00 749700.00 1086300.00 616800.00 548400.00 457800.00 52800.00 0.00 0.00 0.00 0.00 0.00 0.00 0.00 0.00 0.00 0.00 0.00 0.00 42000.00 105600.00 101700.00 89400.00 91200.00 68400.00 46800.00 48900.00 70500.00 50700.00 45300.00 19500.00 12600.00 3300.00 9000.00 37800.00 46500.00 26700.00 23400.00 11700.00 17700.00 8100.00 30000.00 27000.00 3300.00 25500.00 33000.00 43500.00 39000.00 36300.00
117900.00 111900.00 139800.00 148200.00 152400.00 171900.00 184200.00 200400.00 213600.00 234000.00 261900.00 281100.00 321000.00 342300.00 412200.00 480600.00 618900.00 817200.00 486900.00 435600.00 387600.00 53700.00 0.00 0.00 0.00 0.00 0.00 0.00 0.00 0.00 0.00 0.00 0.00 0.00 9000.00 90000.00 97200.00 94200.00 90900.00 62700.00 70200.00 66900.00 69000.00 42000.00 44100.00 27300.00 13200.00 5100.00 0.00 40500.00 53400.00 35700.00 36000.00 31500.00 28200.00 7800.00 7200.00 9000.00 8100.00 11100.00 30900.00 41400.00 43500.00 39300.00
121200.00 127800.00 138300.00 141300.00 153000.00 162000.00 174600.00 189000.00 204900.00 224700.00 249300.00 283200.00 299700.00 321600.00 334800.00 378600.00 491700.00 593100.00 233400.00 302100.00 197100.00 24900.00 0.00 0.00 0.00 0.00 0.00 0.00 0.00 0.00 0.00 0.00 0.00 0.00 51000.00 102300.00 99000.00 91500.00 79800.00 82500.00 78600.00 75000.00 71100.00 60900.00 47700.00 46500.00 26400.00 19500.00 19500.00 44400.00 48300.00 40800.00 36000.00 24300.00 25500.00 14700.00 4500.00 4500.00 6600.00 31200.00 18300.00 32400.00 42900.00 40800.00
117000.00 114900.00 143700.00 148800.00 150900.00 146100.00 177000.00 186600.00 197400.00 222600.00 238200.00 243900.00 265200.00 285900.00 285000.00 257100.00 405900.00 389400.00 5400.00 30600.00 113700.00 0.00 0.00 0.00 0.00 0.00 0.00 0.00 0.00 0.00 0.00 0.00 0.00 12900.00 87600.00 100500.00 99000.00 89100.00 86700.00 50100.00 71700.00 58200.00 69300.00 62700.00 61500.00 46500.00 47400.00 27000.00 14700.00 39300.00 50700.00 56400.00 55200.00 52500.00 23400.00 26100.00 14400.00 2100.00 5400.00 30000.00 12600.00 32400.00 40500.00 40200.00
94500.00 106200.00 69300.00 124200.00 59700.00 91800.00 74100.00 90900.00 184500.00 189300.00 216900.00 223800.00 237900.00 257100.00 259500.00 249000.00 402600.00 134400.00 0.00 0.00 0.00 0.00 0.00 0.00 0.00 0.00 0.00 0.00 0.00 0.00 0.00 0.00 15900.00 41100.00 97500.00 99300.00 95700.00 87900.00 80100.00 65100.00 56700.00 49500.00 64800.00 60900.00 65400.00 52200.00 42600.00 20400.00 32100.00 44100.00 58200.00 51900.00 55800.00 49800.00 40500.00 37200.00 22200.00 4200.00 9600.00 7500.00 5700.00 19200.00 43200.00 39600.00
33000.00 44100.00 12600.00 11400.00 9000.00 8700.00 41400.00 71100.00 180300.00 195300.00 198600.00 177900.00 222000.00 160500.00 31200.00 95100.00 257400.00 129300.00 0.00 0.00 0.00 0.00 0.00 0.00 0.00 0.00 0.00 0.00 0.00 0.00 0.00 0.00 0.00 8100.00 42900.00 90900.00 94500.00 90000.00 73500.00 76200.00 59400.00 68100.00 56700.00 48900.00 60900.00 62100.00 58800.00 42300.00 28200.00 40500.00 57300.00 47400.00 46200.00 53700.00 44700.00 40800.00 16200.00 23100.00 18600.00 15300.00 9000.00 12600.00 39300.00 38400.00
0.00 0.00 0.00 0.00 0.00 51000.00 129600.00 117300.00 108300.00 112800.00 181500.00 143100.00 92400.00 153300.00 27600.00 0.00 45000.00 3300.00 0.00 0.00 0.00 0.00 0.00 0.00 0.00 0.00 0.00 0.00 0.00 0.00 0.00 0.00 3300.00 15900.00 40800.00 97800.00 93000.00 87300.00 83700.00 69300.00 67500.00 56100.00 63900.00 68400.00 65100.00 54300.00 48600.00 61800.00 49200.00 50700.00 39600.00 60000.00 51900.00 55500.00 48900.00 50100.00 43500.00 27000.00 34800.00 27000.00 17400.00 15600.00 27900.00 34200.00
0.00 0.00 0.00 0.00 0.00 24600.00 1500.00 7200.00 10800.00 27300.00 97800.00 600.00 0.00 600.00 900.00 0.00 0.00 0.00 0.00 0.00 0.00 0.00 0.00 0.00 0.00 0.00 0.00 0.00 0.00 0.00 0.00 44100.00 54300.00 103200.00 76800.00 94500.00 95400.00 79800.00 73500.00 63300.00 66300.00 70500.00 72900.00 66000.00 61200.00 54600.00 26700.00 40200.00 52500.00 55800.00 58800.00 57000.00 38700.00 46200.00 44400.00 52200.00 48300.00 48000.00 47100.00 45000.00 29700.00 10800.00 4500.00 31500.00
47400.00 25800.00 0.00 0.00 0.00 0.00 0.00 0.00 0.00 0.00 0.00 0.00 0.00 0.00 0.00 0.00 0.00 0.00 0.00 0.00 0.00 0.00 0.00 0.00 0.00 0.00 0.00 0.00 0.00 0.00 0.00 57600.00 109800.00 101700.00 98700.00 90900.00 88800.00 78000.00 73800.00 73800.00 72300.00 71700.00 68100.00 62100.00 60300.00 45600.00 55500.00 21600.00 57900.00 56100.00 53700.00 54000.00 50400.00 45300.00 48000.00 43200.00 45000.00 42000.00 33900.00 43500.00 40800.00 33300.00 24900.00 6900.00
96600.00 101100.00 20400.00 0.00 0.00 0.00 0.00 0.00 0.00 0.00 0.00 0.00 0.00 0.00 0.00 0.00 0.00 0.00 0.00 0.00 0.00 0.00 0.00 0.00 0.00 0.00 0.00 0.00 0.00 0.00 16500.00 90900.00 108300.00 81300.00 93000.00 90300.00 78600.00 74700.00 73500.00 69900.00 73800.00 71100.00 68700.00 57600.00 59700.00 61500.00 62700.00 40500.00 51300.00 55800.00 56100.00 56400.00 55800.00 51000.00 45900.00 45600.00 44100.00 49200.00 33600.00 44100.00 47700.00 47700.00 46800.00 46500.00
92100.00 86700.00 85500.00 39600.00 0.00 0.00 0.00 0.00 0.00 0.00 0.00 0.00 0.00 0.00 0.00 0.00 0.00 0.00 0.00 0.00 0.00 0.00 0.00 0.00 0.00 0.00 0.00 0.00 0.00 0.00 17700.00 90600.00 100200.00 71700.00 82200.00 87300.00 82200.00 81600.00 78000.00 66300.00 71700.00 68700.00 63600.00 60600.00 65400.00 58500.00 63900.00 53400.00 59100.00 53100.00 55800.00 55200.00 52500.00 52800.00 49200.00 51300.00 48300.00 45300.00 44400.00 45600.00 46200.00 33900.00 31200.00 41100.00
44100.00 57900.00 81600.00 14100.00 0.00 0.00 0.00 0.00 0.00 0.00 0.00 0.00 0.00 0.00 0.00 0.00 0.00 0.00 0.00 0.00 0.00 0.00 0.00 0.00 0.00 0.00 0.00 0.00 0.00 0.00 0.00 19200.00 79500.00 62700.00 66600.00 87600.00 81300.00 74700.00 37500.00 66300.00 63900.00 67200.00 55200.00 58500.00 63900.00 63000.00 55500.00 58800.00 47700.00 46800.00 55500.00 49500.00 53700.00 46200.00 39900.00 41700.00 46800.00 48900.00 46500.00 48300.00 46500.00 34500.00 35100.00 42600.00
15300.00 63000.00 67800.00 300.00 0.00 0.00 0.00 0.00 0.00 0.00 0.00 0.00 0.00 0.00 0.00 0.00 0.00 0.00 0.00 0.00 0.00 0.00 0.00 0.00 0.00 0.00 0.00 0.00 0.00 0.00 0.00 0.00 2400.00 6300.00 26700.00 81300.00 73200.00 69300.00 73200.00 70500.00 67200.00 57300.00 41400.00 63900.00 68700.00 57300.00 60600.00 57000.00 53700.00 44400.00 45000.00 49200.00 49800.00 46200.00 25800.00 29400.00 44400.00 45000.00 42900.00 40500.00 43800.00 38400.00 32100.00 41100.00
