test_data/test_outputs/Batch_Scan_20260611_083801/Oak_scan3_2026-06-10_12h14_45_190.csv.plot001_eqa_zenCut89_sz300.asc
ncols         300 
nrows         300 
xllcorner     -90.000000
yllcorner     -90.000000
cellsize      0.600000 
NODATA_value  -1
[rows 196 to 223 of 300, columns 64 to 127 of 300]
18300.00 25800.00 25800.00 26400.00 16200.00 0.00 9900.00 8400.00 23100.00 25200.00 22200.00 21900.00 27300.00 26100.00 26400.00 27600.00 25200.00 28200.00 28800.00 27300.00 27900.00 27600.00 30600.00 27900.00 29400.00 27600.00 29400.00 23700.00 29100.00 32700.00 32700.00 36300.00 28800.00 27900.00 26700.00 24300.00 33600.00 34200.00 24000.00 19200.00 25500.00 33900.00 30300.00 27600.00 19800.00 21300.00 18900.00 36900.00 25800.00 15900.00 30900.00 33900.00 38400.00 34200.00 33000.00 16200.00 0.00 0.00 0.00 0.00 0.00 0.00 0.00 0.00
20700.00 26100.00 24900.00 25800.00 4500.00 0.00 3600.00 17100.00 16800.00 22200.00 25800.00 27000.00 25800.00 26100.00 26700.00 26700.00 26700.00 24900.00 27000.00 26700.00 30000.00 28500.00 28800.00 30300.00 27900.00 31500.00 21900.00 30900.00 30000.00 31500.00 30600.00 25500.00 22200.00 25500.00 33600.00 30900.00 35700.00 33900.00 18000.00 24600.00 25800.00 33900.00 30000.00 26100.00 21600.00 22800.00 22200.00 25500.00 13200.00 23400.00 9600.00 35400.00 36900.00 20700.00 35100.00 16800.00 0.00 0.00 0.00 0.00 0.00 0.00 0.00 0.00
20700.00 23700.00 25200.00 10500.00 0.00 0.00 4200.00 20100.00 22800.00 21300.00 25500.00 25500.00 26400.00 24600.00 26400.00 27600.00 26400.00 27300.00 27900.00 29700.00 26400.00 26700.00 29100.00 30300.00 27600.00 30000.00 31500.00 30600.00 28800.00 31500.00 32100.00 28500.00 33000.00 31800.00 29400.00 31500.00 27600.00 28200.00 23700.00 29100.00 29700.00 32700.00 30900.00 27000.00 21600.00 12300.00 22500.00 30900.00 27600.00 30900.00 4200.00 3300.00 6300.00 300.00 12000.00 13500.00 0.00 0.00 0.00 0.00 0.00 0.00 0.00 0.00
20700.00 24900.00 24000.00 9600.00 2700.00 300.00 10200.00 14700.00 21900.00 26400.00 26400.00 24900.00 21000.00 25200.00 26100.00 25800.00 25200.00 27300.00 27600.00 27300.00 26400.00 25500.00 27600.00 27000.00 29400.00 30300.00 31800.00 25800.00 23400.00 29700.00 31200.00 33000.00 29100.00 29400.00 32100.00 30000.00 32700.00 29700.00 32400.00 34800.00 35100.00 33300.00 30000.00 28500.00 28800.00 26700.00 28800.00 39300.00 29700.00 30000.00 27000.00 9900.00 4800.00 0.00 900.00 11400.00 14700.00 1500.00 0.00 0.00 0.00 0.00 0.00 0.00
15600.00 22500.00 24600.00 13200.00 0.00 3900.00 14100.00 14700.00 22200.00 25200.00 23700.00 22200.00 24600.00 27900.00 26100.00 25800.00 23100.00 25500.00 25800.00 27300.00 27600.00 26400.00 23400.00 29100.00 27000.00 30000.00 22500.00 27600.00 30300.00 25800.00 29100.00 32100.00 30000.00 27600.00 30900.00 28500.00 30600.00 29100.00 27900.00 30900.00 33000.00 32400.00 31500.00 26400.00 24900.00 25200.00 27000.00 25800.00 29700.00 37200.00 25200.00 29700.00 31800.00 30300.00 31200.00 37200.00 7200.00 0.00 0.00 0.00 0.00 0.00 0.00 0.00
13800.00 22500.00 25800.00 19800.00 5100.00 6300.00 17700.00 20700.00 21900.00 20100.00 22200.00 25500.00 26400.00 24300.00 26400.00 26100.00 27000.00 25500.00 26400.00 27900.00 27900.00 27000.00 27000.00 27000.00 32100.00 24600.00 22800.00 27000.00 28200.00 27000.00 29400.00 29700.00 30000.00 29700.00 36000.00 29700.00 28800.00 34500.00 30900.00 29400.00 27000.00 29700.00 30900.00 28800.00 24600.00 30000.00 32100.00 25200.00 34200.00 34200.00 33000.00 30000.00 35400.00 32100.00 33300.00 26400.00 11400.00 2700.00 0.00 0.00 0.00 0.00 0.00 0.00
11400.00 23100.00 24900.00 17700.00 19200.00 14100.00 15300.00 20400.00 23700.00 22200.00 21900.00 27300.00 23700.00 27000.00 25500.00 24600.00 25500.00 24600.00 27300.00 25800.00 27000.00 25200.00 25800.00 29400.00 27600.00 28800.00 32100.00 28200.00 29700.00 29400.00 28500.00 27300.00 28800.00 33900.00 32400.00 22500.00 33000.00 23100.00 28500.00 28800.00 32400.00 26400.00 30300.00 32100.00 32400.00 33300.00 33600.00 31800.00 29700.00 30900.00 33000.00 33900.00 34800.00 35700.00 28200.00 28200.00 29100.00 300.00 0.00 0.00 0.00 0.00 0.00 0.00
17100.00 21300.00 25500.00 22800.00 18900.00 19800.00 17100.00 18900.00 19200.00 20700.00 21600.00 24000.00 24900.00 24000.00 24000.00 27000.00 26100.00 26100.00 26100.00 24900.00 25800.00 24600.00 28800.00 25800.00 28800.00 27300.00 28800.00 27300.00 26100.00 31800.00 31200.00 24900.00 22500.00 23400.00 29400.00 18900.00 30900.00 32700.00 28200.00 30300.00 27300.00 30300.00 36000.00 29700.00 30900.00 31500.00 26400.00 32100.00 31500.00 32400.00 33300.00 34200.00 34500.00 24600.00 13800.00 4200.00 3000.00 0.00 0.00 0.00 0.00 0.00 0.00 0.00
19800.00 19200.00 24000.00 18300.00 20100.00 22200.00 22500.00 21600.00 22500.00 21300.00 23100.00 24900.00 26400.00 23700.00 24300.00 24900.00 24900.00 25500.00 25500.00 22200.00 26100.00 27900.00 26700.00 27300.00 30600.00 28500.00 27900.00 28500.00 28200.00 32400.00 30000.00 22200.00 27600.00 26700.00 29100.00 31200.00 26400.00 19500.00 20700.00 23400.00 27900.00 29100.00 29400.00 30300.00 25200.00 29400.00 31800.00 30300.00 28800.00 31200.00 31500.00 33900.00 31200.00 27300.00 22800.00 28200.00 17100.00 600.00 0.00 900.00 0.00 0.00 0.00 0.00
20100.00 18000.00 24900.00 19500.00 16800.00 20100.00 22200.00 23100.00 20700.00 18300.00 22500.00 26700.00 26400.00 27900.00 22200.00 21600.00 23400.00 22800.00 25500.00 23400.00 27300.00 27300.00 27600.00 27300.00 26100.00 28500.00 27600.00 24300.00 26700.00 28500.00 18600.00 23700.00 25200.00 29100.00 30300.00 29400.00 24000.00 25500.00 29400.00 31800.00 35100.00 25500.00 25200.00 27900.00 25500.00 24900.00 28200.00 30600.00 27900.00 29400.00 33000.00 32100.00 33600.00 31500.00 32100.00 30300.00 38100.00 20400.00 6000.00 24900.00 18000.00 900.00 0.00 0.00
19500.00 18300.00 22200.00 23700.00 19500.00 21300.00 20400.00 22500.00 19200.00 19800.00 24600.00 25500.00 23100.00 24900.00 22200.00 22800.00 24900.00 24900.00 25200.00 28500.00 25500.00 25500.00 24600.00 26400.00 26400.00 27600.00 26400.00 30000.00 27000.00 26100.00 20700.00 29100.00 28500.00 28800.00 28800.00 26400.00 23400.00 20400.00 31200.00 29100.00 32700.00 30000.00 24300.00 29100.00 26400.00 27900.00 28200.00 26400.00 23100.00 27900.00 27300.00 31200.00 32100.00 30600.00 34500.00 30900.00 30000.00 24300.00 32700.00 28800.00 33000.00 27900.00 2700.00 0.00
23700.00 19800.00 20100.00 23700.00 21600.00 22500.00 21600.00 23100.00 22800.00 21300.00 26400.00 23700.00 23700.00 25500.00 21900.00 21900.00 22800.00 24600.00 24300.00 25800.00 24300.00 24900.00 27600.00 27300.00 27300.00 26100.00 24600.00 27300.00 27000.00 29700.00 27300.00 27000.00 28800.00 28200.00 29700.00 26700.00 26100.00 18000.00 30900.00 34200.00 27900.00 26700.00 22500.00 25200.00 30000.00 28200.00 27900.00 27000.00 30000.00 22800.00 26400.00 31500.00 29100.00 27000.00 28500.00 28800.00 25200.00 9300.00 24000.00 27000.00 26700.00 12900.00 0.00 0.00
21600.00 17700.00 21600.00 24300.00 14400.00 21600.00 21600.00 23700.00 22500.00 21900.00 23100.00 23700.00 20400.00 19800.00 18300.00 22800.00 21000.00 22200.00 25500.00 24600.00 25800.00 22500.00 27600.00 27900.00 26400.00 27600.00 30600.00 25200.00 25200.00 21900.00 26700.00 24300.00 30000.00 28800.00 26100.00 25800.00 22500.00 27000.00 28500.00 23400.00 28500.00 29100.00 29400.00 23400.00 27000.00 27300.00 26100.00 30600.00 24900.00 26100.00 29100.00 28800.00 29400.00 28500.00 32400.00 30600.00 31200.00 13500.00 1800.00 18300.00 7800.00 1200.00 0.00 0.00
23400.00 19800.00 24000.00 23400.00 7200.00 21600.00 21000.00 21300.00 21000.00 21900.00 21300.00 23700.00 20400.00 24600.00 23700.00 18900.00 26700.00 21300.00 22200.00 23100.00 21900.00 22500.00 29100.00 24600.00 27900.00 28500.00 25200.00 24900.00 25200.00 29400.00 24300.00 23700.00 20400.00 22200.00 29100.00 23400.00 30300.00 28800.00 24300.00 26100.00 23400.00 24300.00 22800.00 25500.00 27900.00 21600.00 24900.00 28200.00 22500.00 27300.00 31200.00 29100.00 25800.00 26700.00 31200.00 29400.00 27600.00 28800.00 4800.00 0.00 0.00 0.00 0.00 0.00
23100.00 23700.00 25200.00 17700.00 13800.00 20700.00 22200.00 21600.00 20400.00 22200.00 23700.00 19500.00 19500.00 22500.00 22800.00 23100.00 18900.00 21900.00 19500.00 24900.00 22800.00 21900.00 24900.00 22500.00 25500.00 25500.00 26400.00 25500.00 24300.00 27000.00 23700.00 19800.00 23700.00 25200.00 28200.00 19800.00 27300.00 24900.00 24300.00 28800.00 31200.00 28800.00 27300.00 21000.00 24000.00 24900.00 25800.00 21300.00 24000.00 21600.00 27900.00 30600.00 26100.00 25500.00 25800.00 27600.00 22800.00 30300.00 12000.00 2400.00 6000.00 0.00 0.00 0.00
22500.00 23700.00 22800.00 22200.00 20100.00 23700.00 21300.00 20700.00 19500.00 19500.00 22800.00 22800.00 24000.00 21900.00 25500.00 22200.00 24900.00 19500.00 23100.00 27000.00 25800.00 24000.00 22500.00 24000.00 23100.00 26400.00 27600.00 24300.00 26100.00 26400.00 25500.00 21900.00 21000.00 27600.00 21600.00 24900.00 28800.00 24600.00 22800.00 25800.00 27600.00 20400.00 21300.00 20700.00 24000.00 23700.00 21000.00 25500.00 20700.00 27900.00 24600.00 27300.00 27000.00 24300.00 27300.00 21900.00 17400.00 4200.00 4500.00 19800.00 20400.00 1800.00 0.00 0.00
22800.00 24000.00 23700.00 19800.00 20100.00 20700.00 23400.00 20400.00 19500.00 20400.00 20400.00 18300.00 19800.00 24300.00 18900.00 18000.00 21300.00 21600.00 26700.00 24600.00 26400.00 24000.00 22200.00 21600.00 24300.00 26700.00 30300.00 28800.00 27900.00 27000.00 25200.00 23100.00 29400.00 14100.00 31800.00 20700.00 33000.00 29100.00 26400.00 25200.00 19500.00 29400.00 28200.00 23700.00 29100.00 24600.00 21300.00 21300.00 16200.00 23700.00 22200.00 27300.00 24900.00 26400.00 30300.00 21900.00 15600.00 4200.00 11700.00 20100.00 30600.00 6000.00 300.00 0.00
22200.00 22800.00 24000.00 21000.00 21000.00 21600.00 22200.00 18300.00 19800.00 20100.00 22800.00 23100.00 22800.00 20100.00 20400.00 23100.00 22200.00 21000.00 20100.00 24000.00 24600.00 22200.00 24900.00 28800.00 21600.00 28800.00 25200.00 22800.00 24300.00 25500.00 24600.00 21300.00 18900.00 17400.00 26400.00 19200.00 31500.00 26100.00 24900.00 22200.00 24600.00 23700.00 26400.00 29700.00 28800.00 27300.00 26100.00 24300.00 24000.00 19200.00 22500.00 25800.00 25200.00 22500.00 31500.00 25200.00 21900.00 17700.00 17400.00 20100.00 24900.00 27300.00 15900.00 0.00
17700.00 21900.00 23700.00 23100.00 21300.00 17400.00 18900.00 21000.00 16800.00 20100.00 22200.00 22200.00 22800.00 21900.00 21600.00 23700.00 22500.00 21900.00 25800.00 25800.00 23400.00 25500.00 26100.00 28200.00 22200.00 29400.00 24300.00 23700.00 22200.00 22800.00 15600.00 25800.00 10200.00 26100.00 24900.00 16800.00 23100.00 27900.00 27000.00 26700.00 25500.00 23400.00 17100.00 26100.00 28800.00 29100.00 23700.00 26700.00 27300.00 21900.00 21600.00 24300.00 23700.00 28200.00 26400.00 27000.00 27600.00 21900.00 29100.00 28800.00 21600.00 19800.00 15000.00 9600.00
17700.00 21000.00 23700.00 22800.00 20700.00 21300.00 23100.00 20100.00 15300.00 18300.00 20400.00 21900.00 23100.00 21300.00 23400.00 23100.00 21600.00 22800.00 23100.00 25500.00 26400.00 24900.00 25500.00 25800.00 22800.00 17100.00 22800.00 18600.00 16800.00 21000.00 27300.00 22500.00 24000.00 22500.00 21600.00 24600.00 27000.00 29100.00 22200.00 23400.00 28800.00 23100.00 20700.00 21600.00 30000.00 27900.00 26700.00 21900.00 30000.00 21900.00 23100.00 28800.00 29400.00 32100.00 30600.00 33000.00 32100.00 29700.00 30900.00 29100.00 15000.00 26400.00 27600.00 29100.00
19500.00 21900.00 21600.00 24000.00 23100.00 21000.00 21000.00 19200.00 19800.00 19800.00 23700.00 22200.00 21600.00 21000.00 18600.00 22800.00 20400.00 23700.00 21600.00 22800.00 25500.00 21600.00 24900.00 26700.00 22200.00 24300.00 24900.00 26100.00 15000.00 15600.00 23100.00 24600.00 19800.00 17400.00 30600.00 27000.00 24000.00 21600.00 24000.00 20700.00 18900.00 23400.00 23400.00 26700.00 25200.00 29400.00 29400.00 26700.00 29700.00 28800.00 30000.00 29400.00 29700.00 30900.00 30600.00 26700.00 29100.00 30000.00 30000.00 30900.00 27600.00 29400.00 29700.00 32700.00
18600.00 17400.00 20400.00 21600.00 24000.00 23400.00 22200.00 21600.00 20400.00 19800.00 21900.00 23400.00 20400.00 18300.00 19200.00 22800.00 21900.00 25200.00 24300.00 23400.00 23400.00 24000.00 25500.00 24000.00 20400.00 24000.00 25200.00 20100.00 22200.00 22800.00 17700.00 20400.00 19200.00 15600.00 22200.00 20700.00 22800.00 23700.00 20700.00 23700.00 17400.00 17100.00 23700.00 28200.00 27900.00 27900.00 28800.00 28500.00 27900.00 27300.00 26700.00 28800.00 29100.00 29700.00 29700.00 29400.00 29400.00 31200.00 30000.00 28200.00 28800.00 29700.00 28800.00 30000.00
18000.00 18600.00 18900.00 20400.00 23400.00 23700.00 17400.00 18000.00 19800.00 21900.00 24300.00 21300.00 21000.00 18000.00 20700.00 24600.00 21300.00 24000.00 23700.00 23400.00 20100.00 23400.00 25200.00 23700.00 25500.00 21000.00 22800.00 24600.00 22200.00 11400.00 14400.00 19800.00 16500.00 15600.00 15600.00 20700.00 22800.00 19800.00 25500.00 20400.00 20700.00 15900.00 23400.00 28800.00 26700.00 27000.00 27300.00 25200.00 25200.00 27300.00 27600.00 28500.00 29700.00 30300.00 29700.00 27300.00 30300.00 27300.00 30000.00 30000.00 27600.00 29100.00 24300.00 27900.00
17400.00 19500.00 19800.00 18300.00 23400.00 23700.00 19800.00 17700.00 21300.00 17400.00 22500.00 21900.00 22800.00 23400.00 23400.00 21300.00 24000.00 23100.00 24600.00 24000.00 24900.00 24600.00 23700.00 26400.00 22200.00 20100.00 21900.00 23100.00 21000.00 21300.00 12900.00 17100.00 21600.00 13500.00 17700.00 17100.00 21300.00 21000.00 22500.00 21300.00 18000.00 14400.00 14100.00 21300.00 21300.00 21000.00 24900.00 26100.00 22500.00 26400.00 26700.00 27900.00 27000.00 28200.00 28200.00 30600.00 27900.00 28500.00 26100.00 26400.00 27300.00 28800.00 27300.00 27000.00
20400.00 20700.00 18000.00 20700.00 21300.00 23100.00 22500.00 17700.00 17400.00 20400.00 20700.00 21600.00 20700.00 21900.00 21000.00 23400.00 22800.00 24600.00 21900.00 23400.00 24000.00 25500.00 22500.00 25200.00 24000.00 26100.00 21000.00 20100.00 24600.00 21900.00 26400.00 24900.00 21900.00 19200.00 18900.00 18300.00 19500.00 23400.00 19800.00 19200.00 23100.00 18900.00 18000.00 22500.00 26400.00 22500.00 24300.00 27000.00 26100.00 25800.00 27000.00 27300.00 27900.00 28500.00 27000.00 27900.00 28200.00 22500.00 27300.00 26700.00 25800.00 28200.00 29400.00 26700.00
20100.00 17700.00 19800.00 11400.00 19500.00 24000.00 22200.00 14400.00 17700.00 21900.00 21600.00 20400.00 19800.00 17700.00 22800.00 21000.00 20700.00 22500.00 23400.00 24300.00 23400.00 24600.00 22500.00 23400.00 24600.00 24300.00 21600.00 21600.00 23700.00 24900.00 22200.00 23700.00 22200.00 24300.00 18300.00 20400.00 22200.00 24300.00 21900.00 21600.00 17400.00 20400.00 19800.00 20400.00 24900.00 17100.00 21900.00 28800.00 25500.00 26400.00 26400.00 28200.00 27000.00 26400.00 25500.00 26700.00 26100.00 27000.00 21600.00 21300.00 23400.00 21600.00 24000.00 24900.00
19500.00 17700.00 17100.00 14700.00 13500.00 20400.00 23400.00 19500.00 14100.00 16800.00 17100.00 17700.00 22500.00 19500.00 21900.00 20700.00 21600.00 24300.00 23400.00 24000.00 23700.00 22800.00 21600.00 22800.00 23100.00 22500.00 21900.00 23400.00 24000.00 21900.00 25800.00 20400.00 21900.00 16800.00 23700.00 17700.00 20700.00 21000.00 21600.00 21600.00 22500.00 19800.00 24300.00 24900.00 22500.00 21000.00 23100.00 25800.00 24900.00 25800.00 26700.00 23700.00 24900.00 26100.00 26700.00 24900.00 24000.00 21900.00 24000.00 27300.00 24600.00 24900.00 25800.00 26700.00
20700.00 18000.00 16500.00 14700.00 17700.00 18900.00 23100.00 21600.00 19200.00 19500.00 16500.00 18300.00 18600.00 19500.00 20100.00 23700.00 21300.00 18600.00 22200.00 21900.00 22800.00 23700.00 24300.00 24600.00 24900.00 25200.00 21000.00 21300.00 23100.00 21900.00 21600.00 23100.00 19200.00 15900.00 19800.00 17100.00 18900.00 22200.00 19200.00 18900.00 19500.00 25500.00 22800.00 24300.00 28800.00 25500.00 24000.00 24300.00 27000.00 24300.00 26700.00 25200.00 23400.00 28200.00 25500.00 25200.00 29700.00 26700.00 24900.00 23100.00 27900.00 29700.00 28800.00 26700.00
