test_data/test_outputs/Batch_Scan_20260611_083801/Red_scan7_2026-06-10_12h14_45_711.csv.plot001_eqa_zenCut89_sz300.asc
ncols         300 
nrows         300 
xllcorner     -90.000000
yllcorner     -90.000000
cellsize      0.600000 
NODATA_value  -1
[rows 196 to 223 of 300, columns 0 to 61 of 300]
-1.0 -1.0 -1.0 -1.0 -1.0 -1.0 -1.0 9000.00 20400.00 19200.00 19500.00 19200.00 19800.00 18600.00 20400.00 19500.00 18900.00 18300.00 18600.00 15900.00 13800.00 15600.00 14100.00 13200.00 13500.00 10500.00 7200.00 15600.00 6300.00 4500.00 9000.00 7800.00 10200.00 15900.00 12600.00 8100.00 13200.00 13500.00 15300.00 19200.00 18600.00 18300.00 13800.00 12600.00 13500.00 12300.00 11400.00 9000.00 9900.00 12000.00 10800.00 14400.00 19500.00 20100.00 16200.00 21300.00 16200.00 13500.00 18000.00 18000.00 18300.00 14400.00
-1.0 -1.0 -1.0 -1.0 -1.0 -1.0 -1.0 1500.00 19800.00 18600.00 19500.00 18900.00 19200.00 20100.00 19500.00 19500.00 19800.00 17100.00 15900.00 17100.00 14700.00 9600.00 10800.00 12000.00 10200.00 9600.00 6600.00 13500.00 9000.00 6600.00 10500.00 9900.00 11700.00 16800.00 7800.00 9900.00 14400.00 14700.00 18300.00 19200.00 21000.00 20100.00 18000.00 17100.00 15600.00 12300.00 15000.00 8700.00 10800.00 10800.00 14100.00 6000.00 13500.00 19200.00 16500.00 14700.00 14100.00 18300.00 18000.00 18000.00 17400.00 22500.00
-1.0 -1.0 -1.0 -1.0 -1.0 -1.0 -1.0 -1.0 15000.00 20400.00 20100.00 19800.00 20100.00 19500.00 20100.00 19200.00 18900.00 18000.00 18000.00 18900.00 14700.00 13500.00 11100.00 13500.00 11400.00 14100.00 12300.00 10500.00 11400.00 8100.00 11400.00 8100.00 11100.00 13200.00 19200.00 19500.00 21300.00 20400.00 14100.00 18600.00 20100.00 20400.00 17400.00 18300.00 20100.00 14400.00 16800.00 11400.00 15000.00 9900.00 11400.00 16800.00 21900.00 20400.00 20400.00 17100.00 15300.00 18900.00 19800.00 19500.00 17400.00 21000.00
-1.0 -1.0 -1.0 -1.0 -1.0 -1.0 -1.0 -1.0 8700.00 18600.00 19200.00 18600.00 19800.00 19500.00 18900.00 19800.00 18900.00 18900.00 19500.00 18900.00 16800.00 15000.00 13500.00 12000.00 14700.00 11400.00 14100.00 11700.00 12000.00 8100.00 9600.00 15900.00 11100.00 19200.00 19500.00 16800.00 17100.00 16500.00 12000.00 10200.00 15600.00 18600.00 15900.00 20100.00 20700.00 15000.00 15000.00 15600.00 15600.00 17400.00 19200.00 16200.00 16500.00 14400.00 15600.00 13500.00 19800.00 19500.00 16500.00 16200.00 15300.00 18900.00
-1.0 -1.0 -1.0 -1.0 -1.0 -1.0 -1.0 -1.0 900.00 19500.00 21000.00 19200.00 19200.00 20400.00 19200.00 19500.00 19800.00 19800.00 18000.00 20100.00 19800.00 21000.00 19800.00 18000.00 15900.00 13800.00 9300.00 12600.00 12900.00 12000.00 12000.00 8700.00 10800.00 20100.00 9600.00 9000.00 11100.00 13500.00 12900.00 15600.00 13200.00 20700.00 15900.00 16800.00 16500.00 14700.00 16500.00 13200.00 15600.00 18000.00 14100.00 12600.00 16800.00 15300.00 12600.00 11400.00 17100.00 15300.00 18000.00 14700.00 15900.00 17400.00
-1.0 -1.0 -1.0 -1.0 -1.0 -1.0 -1.0 -1.0 -1.0 14400.00 18900.00 18900.00 18300.00 20100.00 19800.00 18600.00 20400.00 19500.00 19800.00 19800.00 18300.00 19800.00 18600.00 19200.00 20100.00 19500.00 19500.00 15300.00 15300.00 13500.00 6300.00 8700.00 15300.00 20700.00 15600.00 9900.00 16200.00 12900.00 13200.00 14100.00 13500.00 12300.00 18900.00 14400.00 13500.00 16500.00 16500.00 16800.00 16200.00 11700.00 13800.00 13200.00 14400.00 12600.00 16200.00 20100.00 17700.00 17100.00 20400.00 14400.00 13200.00 19200.00
-1.0 -1.0 -1.0 -1.0 -1.0 -1.0 -1.0 -1.0 -1.0 6300.00 20100.00 19200.00 19200.00 18900.00 19800.00 19500.00 19500.00 19800.00 19200.00 18600.00 18600.00 18300.00 16800.00 14400.00 14400.00 14700.00 19200.00 21000.00 20100.00 17100.00 14700.00 9000.00 16800.00 20400.00 15300.00 11400.00 13200.00 14700.00 13200.00 14700.00 17700.00 15000.00 12000.00 17100.00 17400.00 18900.00 15300.00 17400.00 18600.00 12300.00 19800.00 19200.00 14100.00 15900.00 19800.00 18900.00 14100.00 18600.00 18900.00 17100.00 18300.00 21000.00
-1.0 -1.0 -1.0 -1.0 -1.0 -1.0 -1.0 -1.0 -1.0 600.00 18300.00 18600.00 18900.00 19500.00 19800.00 20700.00 19800.00 19500.00 18000.00 17700.00 19200.00 18600.00 16200.00 14400.00 13800.00 10800.00 12000.00 14100.00 18300.00 21000.00 19200.00 19800.00 20100.00 20700.00 18000.00 14700.00 12600.00 16800.00 11400.00 15000.00 14400.00 14400.00 12900.00 18600.00 20100.00 16500.00 9900.00 15000.00 17100.00 15000.00 10500.00 16200.00 17100.00 16200.00 15900.00 20400.00 18900.00 19500.00 21300.00 20700.00 17700.00 17400.00
-1.0 -1.0 -1.0 -1.0 -1.0 -1.0 -1.0 -1.0 -1.0 -1.0 11400.00 19800.00 18900.00 17100.00 19500.00 19800.00 18900.00 18300.00 20400.00 17400.00 18900.00 18600.00 16500.00 16800.00 12600.00 9900.00 10500.00 13200.00 13500.00 17700.00 18600.00 20400.00 20400.00 17400.00 18000.00 7800.00 13800.00 14400.00 12000.00 13800.00 16200.00 19500.00 17100.00 17100.00 16800.00 16500.00 15900.00 15000.00 16500.00 15000.00 16200.00 18300.00 17700.00 16200.00 13800.00 20400.00 19500.00 20400.00 20100.00 16800.00 12600.00 18900.00
-1.0 -1.0 -1.0 -1.0 -1.0 -1.0 -1.0 -1.0 -1.0 -1.0 4200.00 19200.00 18600.00 18000.00 17700.00 19800.00 19200.00 20400.00 19200.00 18900.00 20100.00 19800.00 18000.00 17400.00 15300.00 12600.00 12300.00 12900.00 11400.00 14700.00 15600.00 18600.00 18300.00 8700.00 9000.00 10500.00 12600.00 13200.00 7500.00 13500.00 16200.00 17700.00 18900.00 17100.00 13500.00 19800.00 15900.00 9300.00 12000.00 17700.00 15900.00 17100.00 16500.00 15600.00 15000.00 16500.00 19200.00 18300.00 20700.00 18000.00 18900.00 21300.00
-1.0 -1.0 -1.0 -1.0 -1.0 -1.0 -1.0 -1.0 -1.0 -1.0 -1.0 15300.00 19800.00 18300.00 18900.00 19500.00 20700.00 18900.00 19800.00 19500.00 16800.00 19200.00 19500.00 15300.00 15600.00 15300.00 15000.00 15300.00 12300.00 14700.00 16800.00 18000.00 9900.00 13200.00 11100.00 12900.00 15000.00 15000.00 12900.00 15000.00 19500.00 18600.00 17400.00 11700.00 11700.00 18300.00 20100.00 17700.00 15600.00 18300.00 17100.00 17100.00 16200.00 18600.00 14100.00 15300.00 18000.00 17400.00 18300.00 21000.00 20100.00 18300.00
-1.0 -1.0 -1.0 -1.0 -1.0 -1.0 -1.0 -1.0 -1.0 -1.0 -1.0 7800.00 19500.00 19800.00 19500.00 19500.00 21000.00 19500.00 18000.00 20100.00 19800.00 18000.00 18900.00 16800.00 16500.00 14700.00 15000.00 10200.00 17700.00 13800.00 15600.00 15600.00 1200.00 9300.00 14100.00 13500.00 11100.00 15600.00 20400.00 21000.00 21000.00 18000.00 16800.00 14700.00 15900.00 15900.00 16200.00 19200.00 8400.00 11400.00 18000.00 16200.00 14700.00 15600.00 10200.00 15300.00 17100.00 13500.00 15900.00 19500.00 20100.00 18000.00
-1.0 -1.0 -1.0 -1.0 -1.0 -1.0 -1.0 -1.0 -1.0 -1.0 -1.0 600.00 18000.00 18600.00 19200.00 20700.00 18900.00 19800.00 18300.00 19200.00 19200.00 18300.00 19200.00 18300.00 18600.00 16500.00 16500.00 13500.00 15300.00 15900.00 18000.00 15600.00 2100.00 12000.00 12300.00 11700.00 12900.00 17700.00 20700.00 20100.00 21000.00 16500.00 16800.00 17100.00 10500.00 13200.00 15900.00 15000.00 13800.00 12900.00 17400.00 17400.00 18000.00 11100.00 15300.00 15000.00 15600.00 15300.00 13200.00 15000.00 20700.00 17400.00
-1.0 -1.0 -1.0 -1.0 -1.0 -1.0 -1.0 -1.0 -1.0 -1.0 -1.0 -1.0 11400.00 19200.00 18300.00 20100.00 19500.00 19800.00 18900.00 18600.00 20100.00 19500.00 19800.00 18000.00 17400.00 15300.00 14100.00 11700.00 16500.00 15000.00 18300.00 17700.00 6600.00 9900.00 6600.00 8400.00 17400.00 19500.00 20700.00 20400.00 9000.00 17700.00 14100.00 17700.00 13200.00 15000.00 18000.00 13500.00 13200.00 17100.00 16500.00 17100.00 14400.00 14700.00 13800.00 15600.00 15300.00 15000.00 14700.00 13200.00 18000.00 19500.00
-1.0 -1.0 -1.0 -1.0 -1.0 -1.0 -1.0 -1.0 -1.0 -1.0 -1.0 -1.0 2400.00 19500.00 19200.00 19500.00 20100.00 18600.00 19800.00 18000.00 17100.00 19200.00 19200.00 18000.00 18000.00 18900.00 14700.00 12900.00 13500.00 15600.00 17100.00 17700.00 9300.00 6000.00 9900.00 17400.00 20700.00 21300.00 20100.00 16500.00 17700.00 13800.00 8400.00 13800.00 15600.00 14100.00 16800.00 16200.00 9000.00 11100.00 10800.00 16800.00 14100.00 16800.00 15900.00 10800.00 15900.00 14700.00 12600.00 17400.00 21900.00 21900.00
-1.0 -1.0 -1.0 -1.0 -1.0 -1.0 -1.0 -1.0 -1.0 -1.0 -1.0 -1.0 -1.0 12900.00 19200.00 19800.00 20100.00 19500.00 20400.00 18300.00 17100.00 18600.00 18600.00 18000.00 18300.00 17700.00 14700.00 12000.00 14400.00 12000.00 14700.00 17400.00 12300.00 15600.00 20700.00 20100.00 21000.00 20400.00 19200.00 17700.00 9900.00 9600.00 10200.00 9900.00 15000.00 14100.00 15600.00 17100.00 10800.00 8100.00 11100.00 10500.00 12900.00 16800.00 16800.00 12900.00 17400.00 16800.00 21000.00 20700.00 21300.00 18000.00
-1.0 -1.0 -1.0 -1.0 -1.0 -1.0 -1.0 -1.0 -1.0 -1.0 -1.0 -1.0 -1.0 3900.00 18900.00 18900.00 20400.00 20700.00 20400.00 18900.00 18300.00 21000.00 20100.00 16800.00 15900.00 16200.00 18300.00 18300.00 14700.00 12300.00 16800.00 18300.00 20400.00 20400.00 19800.00 20700.00 20400.00 20100.00 15600.00 9000.00 14700.00 9300.00 5400.00 6300.00 9600.00 15900.00 14400.00 19800.00 15600.00 9600.00 14700.00 16200.00 12300.00 12000.00 15000.00 16800.00 21300.00 20100.00 18000.00 18600.00 17700.00 15900.00
-1.0 -1.0 -1.0 -1.0 -1.0 -1.0 -1.0 -1.0 -1.0 -1.0 -1.0 -1.0 -1.0 -1.0 14700.00 20100.00 20100.00 19500.00 19800.00 20400.00 19800.00 18900.00 19800.00 18600.00 18900.00 18000.00 18000.00 18300.00 16500.00 15600.00 20400.00 20700.00 20400.00 19800.00 20700.00 20400.00 20100.00 11400.00 9600.00 9600.00 10500.00 9600.00 8700.00 12300.00 11700.00 14400.00 16500.00 16200.00 18300.00 10500.00 12900.00 15900.00 17400.00 18000.00 16200.00 18300.00 19200.00 17400.00 16200.00 16200.00 19200.00 18600.00
-1.0 -1.0 -1.0 -1.0 -1.0 -1.0 -1.0 -1.0 -1.0 -1.0 -1.0 -1.0 -1.0 -1.0 5700.00 19200.00 19800.00 20100.00 19800.00 19800.00 18300.00 18600.00 19500.00 18900.00 18900.00 17700.00 18300.00 19200.00 19800.00 19800.00 19500.00 19800.00 20400.00 20400.00 21000.00 19500.00 16500.00 7500.00 13800.00 10200.00 14100.00 10200.00 10200.00 14400.00 10200.00 12600.00 14700.00 18000.00 14100.00 11100.00 10800.00 12300.00 17400.00 18900.00 15300.00 14400.00 19500.00 15600.00 15300.00 15900.00 19200.00 14400.00
-1.0 -1.0 -1.0 -1.0 -1.0 -1.0 -1.0 -1.0 -1.0 -1.0 -1.0 -1.0 -1.0 -1.0 -1.0 16500.00 20100.00 18900.00 19800.00 19200.00 19800.00 18600.00 18900.00 19500.00 18300.00 18600.00 17400.00 19200.00 19800.00 20100.00 20100.00 20100.00 20100.00 20400.00 19800.00 15000.00 3000.00 9300.00 11100.00 13800.00 12600.00 9900.00 10500.00 10800.00 5700.00 10200.00 14400.00 19500.00 17700.00 13800.00 17400.00 17100.00 15300.00 17400.00 14400.00 12600.00 16200.00 18900.00 14100.00 13800.00 17100.00 18900.00
-1.0 -1.0 -1.0 -1.0 -1.0 -1.0 -1.0 -1.0 -1.0 -1.0 -1.0 -1.0 -1.0 -1.0 -1.0 5700.00 17400.00 19500.00 21000.00 19800.00 18900.00 17100.00 18900.00 19200.00 17100.00 20400.00 18300.00 17700.00 19800.00 19500.00 19500.00 20400.00 19500.00 20400.00 19500.00 13200.00 9300.00 4800.00 12900.00 12000.00 10800.00 13800.00 12000.00 12000.00 9300.00 10800.00 9600.00 14400.00 18900.00 13200.00 14100.00 13500.00 15600.00 19200.00 12000.00 14400.00 17400.00 16500.00 17400.00 16200.00 16800.00 20100.00
-1.0 -1.0 -1.0 -1.0 -1.0 -1.0 -1.0 -1.0 -1.0 -1.0 -1.0 -1.0 -1.0 -1.0 -1.0 0.00 15900.00 19800.00 19800.00 20100.00 19200.00 19500.00 18600.00 18300.00 16500.00 18900.00 18600.00 16500.00 18300.00 19500.00 19500.00 18900.00 20100.00 16200.00 9900.00 5100.00 5400.00 6300.00 5400.00 9300.00 8700.00 14700.00 15000.00 16800.00 10800.00 11700.00 11700.00 10200.00 16200.00 14100.00 12300.00 15900.00 17400.00 17400.00 16500.00 11400.00 14400.00 12900.00 12900.00 18000.00 16800.00 15300.00
-1.0 -1.0 -1.0 -1.0 -1.0 -1.0 -1.0 -1.0 -1.0 -1.0 -1.0 -1.0 -1.0 -1.0 -1.0 -1.0 4800.00 19200.00 20400.00 20100.00 18600.00 18600.00 19200.00 19200.00 18000.00 19800.00 18900.00 19500.00 19200.00 18600.00 18300.00 19200.00 19500.00 12300.00 9300.00 10500.00 10200.00 9600.00 10500.00 8400.00 7500.00 13200.00 12300.00 9000.00 15600.00 9000.00 15300.00 9900.00 12600.00 9000.00 6600.00 15600.00 15000.00 12600.00 16200.00 15300.00 17700.00 13500.00 14400.00 18300.00 18600.00 15300.00
-1.0 -1.0 -1.0 -1.0 -1.0 -1.0 -1.0 -1.0 -1.0 -1.0 -1.0 -1.0 -1.0 -1.0 -1.0 -1.0 -1.0 16500.00 18600.00 19800.00 20100.00 19500.00 19200.00 19800.00 19500.00 18900.00 18600.00 17100.00 19800.00 19200.00 17100.00 18900.00 15000.00 7500.00 14100.00 11100.00 13800.00 7800.00 15000.00 10800.00 10200.00 6000.00 11400.00 12300.00 17100.00 14100.00 15600.00 8700.00 10800.00 15900.00 7500.00 13200.00 12900.00 10500.00 15000.00 16800.00 16500.00 15000.00 14100.00 14100.00 16200.00 17700.00
-1.0 -1.0 -1.0 -1.0 -1.0 -1.0 -1.0 -1.0 -1.0 -1.0 -1.0 -1.0 -1.0 -1.0 -1.0 -1.0 -1.0 4500.00 18900.00 19200.00 18600.00 19800.00 19200.00 19200.00 20100.00 19200.00 18000.00 16800.00 18600.00 18600.00 18600.00 18600.00 18300.00 12600.00 15300.00 13800.00 8400.00 6900.00 15900.00 7500.00 8700.00 4800.00 12900.00 16800.00 12600.00 18000.00 12900.00 12300.00 12900.00 15300.00 9300.00 11400.00 11400.00 11700.00 14400.00 14400.00 17400.00 17100.00 12000.00 15000.00 17400.00 16500.00
-1.0 -1.0 -1.0 -1.0 -1.0 -1.0 -1.0 -1.0 -1.0 -1.0 -1.0 -1.0 -1.0 -1.0 -1.0 -1.0 -1.0 -1.0 13800.00 20400.00 20400.00 18300.00 19200.00 19800.00 19500.00 19800.00 19200.00 17700.00 16500.00 18000.00 17700.00 18000.00 17100.00 13800.00 14400.00 14700.00 12600.00 12300.00 15000.00 6600.00 10500.00 5700.00 12600.00 17700.00 16200.00 11700.00 10800.00 8700.00 7800.00 9000.00 12300.00 13500.00 13500.00 12900.00 14700.00 14400.00 18900.00 15900.00 16200.00 14100.00 16200.00 17100.00
-1.0 -1.0 -1.0 -1.0 -1.0 -1.0 -1.0 -1.0 -1.0 -1.0 -1.0 -1.0 -1.0 -1.0 -1.0 -1.0 -1.0 -1.0 3000.00 20400.00 20700.00 20100.00 18900.00 18300.00 19500.00 19800.00 19200.00 16800.00 16500.00 17100.00 19500.00 19200.00 19500.00 17700.00 12000.00 14100.00 12600.00 9300.00 10800.00 17400.00 8100.00 11700.00 17100.00 17700.00 11700.00 8100.00 9900.00 9300.00 11100.00 8400.00 11100.00 11100.00 12600.00 13200.00 10500.00 13800.00 15900.00 14700.00 15000.00 12600.00 19500.00 18000.00
-1.0 -1.0 -1.0 -1.0 -1.0 -1.0 -1.0 -1.0 -1.0 -1.0 -1.0 -1.0 -1.0 -1.0 -1.0 -1.0 -1.0 -1.0 -1.0 11100.00 19500.00 19800.00 19800.00 18600.00 18600.00 18600.00 18300.00 18300.00 18300.00 16200.00 19200.00 17700.00 19500.00 17400.00 14100.00 6900.00 12600.00 11700.00 9900.00 12000.00 15300.00 18600.00 17400.00 10500.00 7500.00 6000.00 7200.00 6300.00 8100.00 9000.00 10800.00 12300.00 7500.00 11100.00 9600.00 11700.00 14700.00 12600.00 14700.00 14700.00 16200.00 17400.00
