test_data/test_outputs/Single_Scan_20260610_134753/Oak_scan1.csv.plot001_eqa_zenCut89_sz300.asc
ncols         300 
nrows         300 
xllcorner     -90.000000
yllcorner     -90.000000
cellsize      0.600000 
NODATA_value  -1
[rows 180 to 209 of 300, columns 134 to 200 of 300]
6600.00 5100.00 5400.00 6300.00 8700.00 6000.00 6900.00 12900.00 13200.00 13200.00 13500.00 7500.00 7200.00 5400.00 5700.00 6300.00 5100.00 7200.00 5700.00 6000.00 4500.00 1500.00 1500.00 2700.00 900.00 6300.00 5700.00 5400.00 900.00 900.00 1800.00 0.00 0.00 1500.00 3600.00 4500.00 3900.00 4800.00 2400.00 1800.00 3900.00 5400.00 3300.00 3600.00 2400.00 1200.00 1500.00 1200.00 2100.00 4200.00 4200.00 5100.00 3600.00 3600.00 4200.00 3300.00 1800.00 3600.00 3600.00 4200.00 900.00 2400.00 1800.00 3000.00 3000.00 3600.00 2700.00
7200.00 6000.00 4800.00 4200.00 6900.00 8400.00 8100.00 10500.00 13500.00 14700.00 9900.00 6000.00 4200.00 6600.00 5100.00 4500.00 8100.00 6300.00 5400.00 5400.00 3300.00 5100.00 900.00 6000.00 3600.00 5100.00 6600.00 4500.00 0.00 0.00 900.00 0.00 0.00 2400.00 1500.00 3000.00 3600.00 3300.00 3000.00 2700.00 1500.00 3600.00 5100.00 4200.00 4500.00 3000.00 0.00 0.00 1200.00 4500.00 3600.00 4800.00 4200.00 3000.00 1500.00 1200.00 1800.00 1500.00 3300.00 4200.00 2700.00 300.00 900.00 2400.00 2100.00 2700.00 1500.00
3000.00 5400.00 3900.00 3300.00 6300.00 5700.00 5700.00 10500.00 12300.00 12300.00 9300.00 6000.00 6000.00 6600.00 5700.00 6000.00 5700.00 6900.00 6900.00 5100.00 600.00 1200.00 3300.00 6000.00 5700.00 6000.00 6300.00 2700.00 600.00 0.00 0.00 0.00 0.00 0.00 0.00 1200.00 3900.00 5100.00 4500.00 4200.00 3900.00 2700.00 5100.00 3900.00 3900.00 1500.00 2100.00 2700.00 2400.00 3300.00 3000.00 4500.00 4800.00 3000.00 1500.00 2700.00 3000.00 2100.00 1200.00 3900.00 4200.00 3300.00 2700.00 3300.00 1800.00 2400.00 2700.00
3300.00 4500.00 1800.00 5100.00 5100.00 2700.00 2100.00 8700.00 12600.00 9900.00 7500.00 3300.00 3600.00 5700.00 2700.00 6600.00 4500.00 5400.00 5700.00 1200.00 300.00 300.00 6000.00 6000.00 6300.00 6300.00 5700.00 5400.00 1500.00 0.00 0.00 0.00 0.00 0.00 0.00 3900.00 4200.00 4500.00 3900.00 4200.00 3300.00 5100.00 5100.00 3300.00 2100.00 3000.00 2700.00 3300.00 2100.00 1800.00 2100.00 4200.00 5100.00 4800.00 2100.00 3600.00 300.00 0.00 0.00 2100.00 4200.00 4200.00 4200.00 3600.00 2700.00 1800.00 0.00
6300.00 4500.00 3900.00 1800.00 4200.00 4500.00 5400.00 10200.00 11700.00 10200.00 8400.00 3900.00 4800.00 4200.00 3900.00 5700.00 5400.00 4200.00 4800.00 600.00 1200.00 3300.00 5400.00 6300.00 5700.00 4800.00 5700.00 5100.00 3000.00 300.00 0.00 0.00 0.00 0.00 600.00 2400.00 1800.00 4500.00 4200.00 3900.00 2400.00 3900.00 3900.00 3900.00 3300.00 2400.00 3000.00 300.00 2400.00 1200.00 1800.00 2100.00 3300.00 4500.00 3900.00 2700.00 1200.00 600.00 2400.00 1800.00 2700.00 4200.00 4200.00 4500.00 3600.00 2400.00 1800.00
6300.00 3300.00 2100.00 3000.00 3600.00 5700.00 7500.00 10800.00 12000.00 10500.00 8700.00 4200.00 3300.00 1800.00 4500.00 4800.00 4500.00 4800.00 1200.00 0.00 300.00 4800.00 5700.00 5700.00 3000.00 4200.00 6300.00 5700.00 3600.00 2100.00 300.00 0.00 0.00 0.00 300.00 900.00 3900.00 5400.00 5400.00 5100.00 3900.00 4800.00 3900.00 3600.00 2700.00 3600.00 3300.00 1800.00 3000.00 3600.00 3000.00 1800.00 3600.00 3600.00 4500.00 2400.00 1500.00 600.00 1800.00 1800.00 2700.00 3600.00 3900.00 3600.00 3900.00 3300.00 2400.00
6900.00 6000.00 600.00 3600.00 3300.00 3000.00 4500.00 6900.00 11100.00 12600.00 6900.00 3000.00 3600.00 3300.00 1800.00 900.00 4200.00 1800.00 0.00 900.00 3600.00 4500.00 3600.00 3900.00 3000.00 5400.00 4800.00 5100.00 3000.00 4200.00 3300.00 300.00 0.00 600.00 3300.00 1800.00 1200.00 1800.00 5400.00 5100.00 6000.00 5400.00 3600.00 3600.00 1800.00 900.00 1800.00 3000.00 3300.00 3600.00 3600.00 3000.00 3300.00 3900.00 4800.00 4200.00 3600.00 3600.00 3000.00 2100.00 2400.00 3300.00 3600.00 3300.00 4200.00 3900.00 600.00
6600.00 6600.00 1200.00 0.00 1800.00 2400.00 8400.00 11700.00 11100.00 10500.00 9000.00 3300.00 2100.00 2100.00 4800.00 4500.00 300.00 0.00 0.00 0.00 900.00 1200.00 2400.00 4800.00 5700.00 5100.00 4800.00 5100.00 4800.00 3300.00 5100.00 4800.00 2400.00 3900.00 3300.00 3600.00 3600.00 3000.00 5400.00 5400.00 3000.00 3900.00 4200.00 2400.00 900.00 2700.00 2400.00 3300.00 3000.00 2100.00 3300.00 2400.00 3000.00 3600.00 3300.00 4200.00 4200.00 3900.00 3900.00 3300.00 3900.00 2700.00 2700.00 3600.00 3900.00 3300.00 0.00
5100.00 6300.00 900.00 1200.00 4800.00 5100.00 9000.00 10500.00 9000.00 9300.00 10800.00 2400.00 1200.00 900.00 4800.00 1200.00 0.00 0.00 0.00 0.00 0.00 300.00 0.00 2700.00 4200.00 4500.00 4500.00 4200.00 3600.00 4800.00 3000.00 4500.00 4500.00 1500.00 2100.00 2400.00 1800.00 4500.00 4800.00 3300.00 1500.00 3900.00 3900.00 3000.00 3300.00 900.00 2700.00 3600.00 3000.00 2700.00 2100.00 2700.00 1800.00 2100.00 3600.00 3600.00 3900.00 4500.00 3900.00 3600.00 3900.00 3600.00 3300.00 2100.00 3900.00 3300.00 900.00
5400.00 5700.00 5400.00 4800.00 4500.00 6600.00 9300.00 10800.00 10500.00 9900.00 9300.00 4200.00 3300.00 600.00 3300.00 2100.00 0.00 0.00 0.00 0.00 0.00 0.00 1200.00 5100.00 3000.00 3600.00 3300.00 2400.00 5100.00 3600.00 4200.00 2700.00 3600.00 3000.00 3300.00 3600.00 3300.00 5100.00 3000.00 2100.00 1800.00 3000.00 1800.00 3000.00 1500.00 1800.00 1800.00 3000.00 3000.00 4200.00 1200.00 1800.00 900.00 1500.00 2700.00 2700.00 3000.00 2700.00 2700.00 4200.00 3900.00 3900.00 3300.00 3900.00 3900.00 3000.00 2700.00
5400.00 4500.00 4200.00 5100.00 3300.00 4200.00 9900.00 8400.00 8700.00 8700.00 10500.00 4500.00 2700.00 2100.00 1500.00 300.00 600.00 0.00 0.00 0.00 2400.00 2400.00 2100.00 3900.00 2400.00 3300.00 6000.00 3600.00 3900.00 4800.00 4500.00 2400.00 3000.00 4800.00 3000.00 5100.00 4800.00 4200.00 3600.00 2700.00 2700.00 2400.00 1800.00 1500.00 1800.00 3300.00 3000.00 2400.00 3000.00 2400.00 2700.00 2100.00 3000.00 2400.00 3000.00 2700.00 3000.00 2700.00 3300.00 3300.00 3300.00 3300.00 3600.00 3900.00 3600.00 3600.00 2100.00
6300.00 5100.00 2700.00 3600.00 1800.00 1200.00 9900.00 9900.00 8400.00 9300.00 3900.00 1200.00 1500.00 2100.00 600.00 1800.00 3600.00 300.00 0.00 600.00 1200.00 3600.00 3600.00 3900.00 4800.00 3900.00 4200.00 5100.00 4800.00 5100.00 4200.00 3900.00 3600.00 3300.00 3300.00 4800.00 2100.00 3000.00 3000.00 3900.00 3000.00 3000.00 900.00 1800.00 3900.00 3600.00 3600.00 4500.00 3000.00 4500.00 3300.00 3000.00 3300.00 2400.00 2400.00 2100.00 3000.00 2700.00 2700.00 2400.00 3300.00 3000.00 2400.00 3600.00 3600.00 3300.00 3600.00
6000.00 6300.00 5400.00 1500.00 2100.00 4500.00 10800.00 9000.00 7200.00 5700.00 4800.00 4800.00 4800.00 3900.00 3300.00 1800.00 1500.00 0.00 0.00 900.00 3900.00 4800.00 5400.00 4200.00 3900.00 3000.00 4500.00 6000.00 4500.00 4800.00 5100.00 5100.00 3900.00 2700.00 4800.00 3300.00 1800.00 3900.00 3300.00 3600.00 3000.00 3300.00 3300.00 4200.00 4200.00 2400.00 3900.00 3600.00 1500.00 3000.00 3000.00 4200.00 2400.00 1500.00 3000.00 2100.00 3600.00 2400.00 3300.00 2400.00 1500.00 2700.00 3000.00 3900.00 3900.00 3300.00 1500.00
6000.00 5700.00 5100.00 5100.00 1500.00 3600.00 8700.00 8400.00 9900.00 8400.00 4500.00 1800.00 2100.00 3900.00 3900.00 6000.00 1800.00 600.00 600.00 300.00 4500.00 4500.00 4200.00 4200.00 3900.00 5100.00 4200.00 3900.00 4800.00 3000.00 4500.00 4200.00 4200.00 4800.00 1800.00 2700.00 2700.00 2700.00 3300.00 3900.00 2100.00 2700.00 2700.00 2400.00 3300.00 3300.00 3300.00 3000.00 3600.00 2700.00 1200.00 1800.00 3600.00 3300.00 1800.00 3000.00 3000.00 3000.00 3300.00 2700.00 2700.00 3000.00 2100.00 3600.00 3900.00 4200.00 2400.00
4200.00 5100.00 6000.00 4800.00 2400.00 6000.00 7200.00 9600.00 9900.00 9000.00 6600.00 2100.00 3000.00 3000.00 1500.00 3900.00 3000.00 600.00 1500.00 900.00 3900.00 4500.00 2700.00 4800.00 4500.00 4500.00 4800.00 3600.00 4500.00 3600.00 5400.00 4800.00 4800.00 3300.00 3300.00 2100.00 3900.00 1800.00 1800.00 3600.00 3900.00 3300.00 2700.00 3300.00 3300.00 3900.00 3000.00 3300.00 3000.00 2100.00 2100.00 2700.00 2700.00 2400.00 2100.00 2400.00 3000.00 3000.00 3300.00 3000.00 3600.00 3000.00 2100.00 1500.00 3300.00 3300.00 3600.00
900.00 5100.00 5400.00 4200.00 3600.00 7500.00 6600.00 9600.00 8400.00 9000.00 6000.00 3300.00 2700.00 2400.00 900.00 1200.00 3600.00 1800.00 2100.00 1500.00 1500.00 4200.00 4500.00 3900.00 3600.00 4500.00 4500.00 4200.00 5100.00 5400.00 3600.00 900.00 3000.00 4200.00 2700.00 3300.00 3600.00 900.00 2100.00 1500.00 300.00 3600.00 3600.00 3300.00 3300.00 4800.00 4800.00 3000.00 3000.00 2400.00 3300.00 2400.00 3900.00 3300.00 3900.00 1500.00 2400.00 900.00 2400.00 3000.00 1800.00 2400.00 1200.00 3000.00 3300.00 3600.00 3600.00
1200.00 2100.00 5100.00 3600.00 2700.00 6900.00 6600.00 7800.00 10200.00 8700.00 3900.00 900.00 2700.00 2100.00 1200.00 3900.00 3900.00 2400.00 1200.00 900.00 3900.00 5400.00 3900.00 4500.00 3900.00 3300.00 4500.00 3000.00 5100.00 4800.00 900.00 3900.00 4500.00 3900.00 4500.00 4500.00 3300.00 2700.00 1200.00 1800.00 3600.00 3300.00 3900.00 3600.00 3600.00 3300.00 3000.00 2700.00 3600.00 2100.00 1200.00 3900.00 3900.00 3600.00 2100.00 1500.00 600.00 300.00 900.00 1200.00 1800.00 2400.00 1200.00 2700.00 3600.00 3300.00 3000.00
1500.00 1200.00 4500.00 5400.00 4500.00 7800.00 6300.00 6600.00 8100.00 8400.00 2400.00 3300.00 5400.00 1800.00 2400.00 3000.00 2400.00 4800.00 1200.00 300.00 3000.00 3900.00 3900.00 2400.00 3000.00 4200.00 4500.00 4800.00 4200.00 900.00 600.00 1200.00 1800.00 1200.00 4800.00 4500.00 4500.00 1500.00 1800.00 3300.00 3300.00 3000.00 3300.00 2400.00 3300.00 2700.00 4500.00 3300.00 2400.00 3300.00 4200.00 3900.00 4500.00 3900.00 3300.00 2100.00 2400.00 1800.00 900.00 600.00 1500.00 1500.00 2100.00 3300.00 3900.00 3000.00 3300.00
1800.00 2400.00 4500.00 5400.00 5100.00 4800.00 7500.00 8700.00 9000.00 7200.00 7800.00 4500.00 4500.00 2400.00 3900.00 3000.00 900.00 2400.00 2400.00 0.00 0.00 300.00 2100.00 2400.00 3000.00 3300.00 4800.00 4800.00 4500.00 300.00 0.00 2700.00 2400.00 3000.00 3900.00 3300.00 3000.00 2100.00 2700.00 3300.00 3300.00 3000.00 3300.00 3900.00 3600.00 3600.00 2100.00 3300.00 3600.00 3600.00 3600.00 3600.00 3300.00 4500.00 3600.00 1500.00 1800.00 1200.00 1800.00 2100.00 3000.00 2700.00 3600.00 3300.00 3300.00 2700.00 2100.00
3000.00 3900.00 3300.00 5400.00 5700.00 6300.00 7800.00 8400.00 8400.00 8400.00 7200.00 3900.00 3300.00 3600.00 3600.00 2700.00 3600.00 900.00 1500.00 0.00 0.00 3600.00 3300.00 3600.00 4800.00 3600.00 3000.00 4800.00 5100.00 1500.00 0.00 3300.00 3000.00 3300.00 5400.00 3300.00 3600.00 2700.00 3300.00 4500.00 3000.00 3300.00 3300.00 3300.00 3300.00 4200.00 3900.00 2700.00 3300.00 4200.00 3900.00 3600.00 3900.00 3600.00 4200.00 2700.00 600.00 2100.00 3600.00 3600.00 3600.00 3900.00 3600.00 3600.00 2100.00 2100.00 3000.00
2100.00 4500.00 5400.00 4200.00 6000.00 4200.00 7500.00 8100.00 7500.00 9300.00 9000.00 3600.00 2400.00 2100.00 600.00 3300.00 1500.00 300.00 900.00 900.00 2100.00 3900.00 2100.00 600.00 2100.00 2700.00 1200.00 3000.00 4500.00 4500.00 1800.00 900.00 2700.00 1200.00 4200.00 3900.00 4200.00 2100.00 3600.00 900.00 3900.00 3000.00 1800.00 2700.00 1500.00 3600.00 3000.00 4200.00 3000.00 3300.00 900.00 3600.00 3600.00 3600.00 3600.00 4200.00 3000.00 3900.00 3300.00 3900.00 3900.00 3600.00 3300.00 3600.00 3000.00 1800.00 3000.00
2400.00 3000.00 3000.00 3300.00 5100.00 3000.00 5100.00 6600.00 9600.00 7200.00 5400.00 4200.00 2400.00 900.00 0.00 1500.00 300.00 300.00 1800.00 300.00 1800.00 1500.00 0.00 0.00 0.00 1500.00 1800.00 300.00 3900.00 4500.00 4200.00 900.00 3000.00 4200.00 4500.00 3900.00 3000.00 900.00 3900.00 2700.00 900.00 1800.00 3000.00 900.00 2700.00 3300.00 3600.00 3900.00 1200.00 3000.00 2100.00 2700.00 3900.00 3300.00 3900.00 3600.00 4200.00 3600.00 3600.00 1800.00 3000.00 3600.00 3600.00 2700.00 2400.00 3300.00 3300.00
1200.00 1500.00 2400.00 5100.00 5400.00 2400.00 1800.00 3900.00 6300.00 5400.00 2100.00 1800.00 1500.00 900.00 900.00 300.00 0.00 1200.00 1500.00 600.00 300.00 3300.00 2100.00 2100.00 0.00 0.00 900.00 0.00 900.00 4500.00 4500.00 3900.00 3300.00 3000.00 4200.00 3600.00 2100.00 2700.00 2700.00 3000.00 2700.00 1500.00 1500.00 2700.00 2700.00 2100.00 3000.00 3600.00 3300.00 3900.00 2700.00 3900.00 3900.00 2400.00 1500.00 3000.00 3000.00 1500.00 3000.00 2100.00 3000.00 3600.00 3600.00 3000.00 2400.00 2100.00 3300.00
1200.00 3600.00 2700.00 4800.00 7200.00 1800.00 300.00 4200.00 2100.00 300.00 0.00 600.00 1800.00 1200.00 1200.00 0.00 0.00 2100.00 4200.00 1500.00 2100.00 1200.00 3600.00 2700.00 300.00 600.00 600.00 600.00 0.00 3600.00 4500.00 3900.00 3000.00 3900.00 3600.00 2700.00 3300.00 2100.00 900.00 2700.00 1200.00 2700.00 2700.00 1800.00 3900.00 3900.00 2400.00 3600.00 4200.00 3300.00 4200.00 3600.00 3000.00 1800.00 1200.00 2100.00 3000.00 3000.00 2700.00 3300.00 3900.00 3900.00 3000.00 1800.00 1800.00 2400.00 2400.00
4500.00 3600.00 3300.00 4800.00 6300.00 3000.00 0.00 0.00 0.00 0.00 0.00 300.00 1200.00 0.00 300.00 0.00 0.00 2100.00 1800.00 0.00 2700.00 1500.00 1500.00 1200.00 0.00 1500.00 300.00 3000.00 0.00 3300.00 4200.00 4800.00 3000.00 3000.00 2700.00 1800.00 3900.00 300.00 1500.00 1500.00 1800.00 2100.00 3600.00 2400.00 2700.00 2400.00 2700.00 2100.00 3600.00 3600.00 2700.00 2100.00 3000.00 2400.00 1800.00 1500.00 900.00 2400.00 3000.00 3600.00 3000.00 3300.00 2700.00 2100.00 1200.00 2700.00 600.00
3600.00 3300.00 4500.00 5100.00 7800.00 2400.00 0.00 0.00 0.00 0.00 0.00 300.00 300.00 0.00 0.00 0.00 0.00 1200.00 2400.00 900.00 1200.00 1500.00 300.00 0.00 0.00 600.00 1800.00 300.00 0.00 3600.00 4200.00 3900.00 4500.00 4200.00 2400.00 1800.00 3000.00 900.00 1800.00 2400.00 1200.00 2700.00 2100.00 3300.00 2700.00 3600.00 2100.00 1200.00 3000.00 2400.00 3000.00 2700.00 1200.00 600.00 2400.00 1500.00 2400.00 3600.00 3300.00 3300.00 3900.00 3000.00 1500.00 1500.00 2400.00 2100.00 600.00
3300.00 4800.00 3300.00 1800.00 3900.00 600.00 0.00 0.00 0.00 0.00 0.00 0.00 0.00 0.00 0.00 0.00 300.00 1500.00 3000.00 3300.00 2100.00 0.00 600.00 0.00 0.00 0.00 900.00 1200.00 0.00 3900.00 3900.00 3600.00 4200.00 3900.00 2400.00 2100.00 2100.00 2100.00 900.00 2700.00 3000.00 2700.00 2700.00 3300.00 3300.00 3300.00 1800.00 3000.00 2100.00 2400.00 300.00 900.00 600.00 1500.00 300.00 3600.00 2700.00 2400.00 3300.00 3300.00 3600.00 3600.00 900.00 2100.00 2100.00 1200.00 1200.00
4200.00 3300.00 1200.00 1800.00 3300.00 1200.00 0.00 0.00 0.00 0.00 0.00 0.00 0.00 0.00 0.00 300.00 600.00 2100.00 1500.00 1500.00 1200.00 3000.00 300.00 3600.00 1200.00 600.00 1500.00 1200.00 2700.00 4500.00 3300.00 2400.00 1800.00 2400.00 1500.00 600.00 2100.00 900.00 1500.00 2400.00 1800.00 3000.00 2400.00 3000.00 1800.00 3000.00 3600.00 3300.00 1500.00 2700.00 2100.00 900.00 1500.00 1200.00 1800.00 1500.00 2100.00 2700.00 2400.00 3300.00 3600.00 2700.00 1800.00 2100.00 2100.00 3000.00 2400.00
3900.00 3300.00 2400.00 3600.00 2700.00 300.00 0.00 0.00 0.00 0.00 0.00 0.00 0.00 0.00 0.00 900.00 0.00 1500.00 900.00 1800.00 1500.00 3900.00 2100.00 900.00 1200.00 900.00 1800.00 2700.00 4200.00 3900.00 3300.00 1200.00 2100.00 1500.00 1800.00 900.00 1200.00 0.00 300.00 1500.00 900.00 1800.00 1800.00 2700.00 1800.00 2400.00 3600.00 2100.00 900.00 2400.00 1800.00 300.00 1500.00 2700.00 1500.00 300.00 1800.00 2100.00 2100.00 3900.00 3300.00 3300.00 1800.00 2100.00 3000.00 2400.00 2700.00
4200.00 4200.00 2700.00 3900.00 4200.00 4200.00 3300.00 1800.00 900.00 300.00 0.00 0.00 0.00 0.00 600.00 2400.00 3000.00 1200.00 300.00 1800.00 1500.00 1800.00 1800.00 600.00 1500.00 900.00 3000.00 3300.00 4200.00 3300.00 1200.00 600.00 2100.00 600.00 3300.00 900.00 600.00 600.00 600.00 1200.00 2100.00 2100.00 2100.00 900.00 3000.00 2100.00 0.00 1800.00 1800.00 2700.00 600.00 300.00 900.00 0.00 600.00 1800.00 1800.00 2700.00 3000.00 3300.00 3000.00 3300.00 1800.00 1200.00 3000.00 1800.00 2100.00
