test_data/test_outputs/Single_Scan_20260610_134753/Oak_scan1.csv.plot001_eqa_zenCut89_sz300.asc
ncols         300 
nrows         300 
xllcorner     -90.000000
yllcorner     -90.000000
cellsize      0.600000 
NODATA_value  -1
[rows 120 to 149 of 300, columns 134 to 200 of 300]
600.00 300.00 2400.00 900.00 2400.00 3000.00 3900.00 5100.00 4800.00 1200.00 1500.00 4800.00 6000.00 3300.00 0.00 0.00 0.00 0.00 0.00 2400.00 5100.00 4500.00 5700.00 6000.00 5100.00 2400.00 600.00 3300.00 0.00 3000.00 2700.00 3000.00 2700.00 4500.00 2700.00 4200.00 3000.00 4200.00 2700.00 3300.00 3600.00 5100.00 4200.00 4200.00 4200.00 3900.00 4500.00 4800.00 3300.00 4500.00 1800.00 900.00 600.00 300.00 0.00 2700.00 3000.00 2400.00 3900.00 2400.00 2700.00 3600.00 4200.00 3000.00 900.00 2700.00 3300.00
1200.00 1200.00 2400.00 2400.00 2100.00 3900.00 3600.00 2700.00 1800.00 3600.00 4800.00 9600.00 11700.00 6600.00 3000.00 300.00 0.00 0.00 0.00 900.00 3600.00 5700.00 4500.00 5400.00 4800.00 4500.00 5100.00 3600.00 4800.00 3900.00 5400.00 4500.00 3900.00 2400.00 1800.00 4500.00 3000.00 3000.00 3300.00 1800.00 3300.00 3900.00 4500.00 3300.00 4200.00 3600.00 3600.00 3000.00 4200.00 4800.00 1500.00 1200.00 0.00 0.00 2400.00 3000.00 3000.00 3000.00 2700.00 3600.00 2700.00 3900.00 3300.00 3300.00 2400.00 3300.00 2700.00
4200.00 3300.00 4200.00 2100.00 0.00 1800.00 4200.00 6600.00 4500.00 3900.00 6000.00 6600.00 9000.00 6900.00 4200.00 300.00 0.00 0.00 600.00 4500.00 1500.00 3300.00 2400.00 5700.00 4800.00 6300.00 5400.00 4800.00 4500.00 4500.00 6300.00 4200.00 2400.00 3600.00 3300.00 4200.00 3900.00 3000.00 2700.00 2700.00 3900.00 2100.00 1500.00 2400.00 2400.00 2700.00 4200.00 3300.00 4200.00 3600.00 3900.00 3900.00 600.00 600.00 2400.00 2700.00 3000.00 2400.00 1800.00 4200.00 3900.00 3000.00 3600.00 2100.00 1800.00 2700.00 2100.00
5400.00 5100.00 3900.00 5400.00 5100.00 3300.00 3300.00 6900.00 5400.00 6600.00 4200.00 7500.00 5700.00 3600.00 3000.00 0.00 0.00 0.00 300.00 1800.00 3000.00 1500.00 300.00 4800.00 5400.00 6300.00 5700.00 2100.00 2400.00 4500.00 5100.00 4200.00 4200.00 4500.00 5100.00 2700.00 4500.00 3900.00 4800.00 4800.00 2400.00 600.00 2100.00 1800.00 1200.00 2100.00 2400.00 4200.00 4200.00 3600.00 2100.00 4800.00 4200.00 2400.00 2700.00 3600.00 1800.00 3000.00 3000.00 4200.00 3900.00 3900.00 3300.00 3300.00 2700.00 2700.00 3600.00
4200.00 5700.00 5700.00 4200.00 6300.00 5400.00 4800.00 6300.00 6300.00 5700.00 4500.00 3600.00 5100.00 300.00 600.00 300.00 1800.00 0.00 0.00 0.00 0.00 300.00 900.00 3300.00 1800.00 5100.00 6000.00 300.00 0.00 300.00 1200.00 3900.00 2700.00 5700.00 5100.00 5100.00 3300.00 2400.00 5100.00 3900.00 3600.00 3000.00 3000.00 3900.00 2400.00 2100.00 1500.00 3300.00 3300.00 3600.00 4200.00 3600.00 3900.00 4200.00 4200.00 3600.00 3000.00 3000.00 3600.00 2700.00 4200.00 3600.00 4200.00 3300.00 3600.00 3900.00 3000.00
5400.00 6300.00 5400.00 4800.00 7200.00 6600.00 6600.00 5700.00 5700.00 3000.00 2700.00 2100.00 1800.00 900.00 3300.00 1200.00 3900.00 1200.00 0.00 0.00 0.00 0.00 0.00 2100.00 0.00 1800.00 3000.00 0.00 0.00 0.00 0.00 1200.00 2700.00 5700.00 3900.00 5400.00 4800.00 4200.00 3900.00 5700.00 5100.00 3600.00 3900.00 2700.00 4200.00 3000.00 3000.00 5100.00 3900.00 4200.00 4200.00 3900.00 3600.00 3600.00 4500.00 3600.00 3600.00 3600.00 3300.00 3600.00 2100.00 4500.00 3900.00 3000.00 3300.00 3000.00 3300.00
6000.00 6300.00 5100.00 3900.00 3600.00 6000.00 6300.00 6300.00 6000.00 5100.00 4800.00 4200.00 6000.00 7200.00 3600.00 2400.00 2400.00 300.00 0.00 0.00 0.00 0.00 0.00 0.00 0.00 0.00 0.00 0.00 0.00 0.00 0.00 0.00 3900.00 3000.00 900.00 5100.00 3600.00 4800.00 3000.00 2400.00 4800.00 3300.00 4200.00 4200.00 4200.00 4200.00 3600.00 3900.00 3600.00 3300.00 3600.00 3300.00 3600.00 3300.00 3300.00 5100.00 4200.00 3000.00 2700.00 2700.00 3600.00 3900.00 3000.00 3600.00 2400.00 3000.00 3300.00
6900.00 5400.00 5700.00 5400.00 6300.00 6600.00 6600.00 7500.00 4800.00 6600.00 3900.00 10200.00 9000.00 10500.00 4500.00 6900.00 6300.00 0.00 0.00 0.00 0.00 0.00 0.00 0.00 0.00 0.00 0.00 0.00 0.00 900.00 2400.00 1500.00 1200.00 1200.00 3600.00 4800.00 5700.00 5100.00 1200.00 1500.00 2700.00 4200.00 3300.00 3600.00 4200.00 3900.00 3000.00 5400.00 4800.00 3000.00 3000.00 4800.00 3300.00 3000.00 3600.00 3300.00 4500.00 4200.00 3600.00 3600.00 3000.00 3300.00 3300.00 3600.00 3900.00 2400.00 3300.00
7800.00 7200.00 6900.00 7200.00 6000.00 7200.00 6900.00 8100.00 6000.00 5700.00 7500.00 9900.00 5700.00 4800.00 3600.00 6600.00 4200.00 3000.00 0.00 0.00 0.00 0.00 0.00 0.00 0.00 0.00 0.00 0.00 0.00 2700.00 3900.00 3600.00 1800.00 5700.00 4500.00 5100.00 1800.00 1200.00 1200.00 1800.00 3000.00 3600.00 4500.00 4500.00 3900.00 4500.00 4200.00 4200.00 3000.00 1200.00 2400.00 4500.00 3900.00 3600.00 4800.00 4500.00 3600.00 4800.00 4200.00 3600.00 3300.00 3300.00 3300.00 3300.00 3600.00 2100.00 2400.00
7200.00 6900.00 6900.00 7800.00 5700.00 6000.00 6300.00 8700.00 9600.00 7200.00 2700.00 7500.00 7800.00 5700.00 2700.00 5400.00 6000.00 3900.00 0.00 0.00 0.00 0.00 0.00 0.00 0.00 300.00 0.00 0.00 0.00 1800.00 0.00 0.00 900.00 0.00 1800.00 1500.00 3600.00 3900.00 600.00 3300.00 4200.00 1800.00 4800.00 4500.00 4500.00 3900.00 3300.00 3600.00 2400.00 2400.00 2100.00 3900.00 3000.00 2700.00 4200.00 4200.00 3300.00 3000.00 4200.00 3900.00 3600.00 3900.00 4200.00 3900.00 3000.00 3000.00 2400.00
7200.00 8400.00 4800.00 7200.00 6000.00 4200.00 6000.00 7800.00 7800.00 4800.00 4200.00 12000.00 16200.00 10500.00 6300.00 7500.00 9000.00 900.00 1800.00 3300.00 1200.00 0.00 0.00 300.00 3900.00 5400.00 2100.00 0.00 0.00 3900.00 900.00 0.00 3000.00 0.00 0.00 600.00 5400.00 6000.00 2100.00 3900.00 5400.00 4200.00 5400.00 3300.00 4500.00 4800.00 3300.00 3900.00 600.00 600.00 1200.00 2400.00 1800.00 2100.00 4500.00 4500.00 2100.00 2100.00 3000.00 3600.00 3300.00 3600.00 4200.00 3000.00 3600.00 3600.00 3600.00
7800.00 8400.00 6000.00 4500.00 7500.00 7500.00 7800.00 9000.00 6300.00 7800.00 4500.00 12300.00 13200.00 13200.00 8700.00 6300.00 7500.00 4500.00 3600.00 3600.00 600.00 300.00 0.00 300.00 3900.00 4500.00 3000.00 3600.00 2100.00 4500.00 3600.00 4500.00 4800.00 0.00 0.00 0.00 3600.00 5100.00 2700.00 5400.00 4800.00 6000.00 3900.00 2100.00 4200.00 900.00 3600.00 4500.00 1800.00 0.00 600.00 1500.00 1800.00 2700.00 3600.00 3000.00 3300.00 2700.00 3300.00 3300.00 2400.00 4200.00 3600.00 2700.00 3000.00 3000.00 3300.00
7800.00 8100.00 6000.00 7800.00 7500.00 8700.00 8100.00 8700.00 8100.00 6000.00 4800.00 9600.00 11400.00 9000.00 2400.00 8400.00 7200.00 3000.00 3900.00 0.00 3000.00 3300.00 3600.00 900.00 6300.00 5700.00 7200.00 7800.00 3000.00 3000.00 3000.00 5400.00 4500.00 600.00 0.00 0.00 0.00 900.00 2400.00 4200.00 4800.00 5400.00 1800.00 1500.00 1200.00 300.00 2700.00 5700.00 3900.00 600.00 300.00 2700.00 2700.00 2100.00 3300.00 3300.00 3000.00 2700.00 2400.00 2400.00 3600.00 2400.00 2700.00 3300.00 3300.00 3000.00 3300.00
8400.00 9000.00 4200.00 6900.00 8400.00 8400.00 8700.00 7500.00 8700.00 7200.00 6900.00 12000.00 7800.00 5100.00 300.00 6000.00 2700.00 4500.00 4200.00 2100.00 4200.00 5400.00 4800.00 5400.00 7200.00 4800.00 3300.00 6900.00 4800.00 6000.00 6600.00 3300.00 3600.00 0.00 0.00 0.00 0.00 0.00 1500.00 4500.00 2100.00 2400.00 4500.00 1500.00 3000.00 2100.00 5700.00 4500.00 3000.00 1200.00 0.00 1500.00 1200.00 2700.00 2100.00 3300.00 4200.00 3600.00 3600.00 3300.00 3900.00 3300.00 3300.00 2700.00 3300.00 3600.00 3900.00
8100.00 9300.00 6300.00 8700.00 8100.00 7200.00 9000.00 5400.00 9000.00 9900.00 7500.00 6300.00 1500.00 1200.00 3600.00 6300.00 4500.00 8400.00 8400.00 8700.00 6300.00 7800.00 8700.00 8400.00 8100.00 5700.00 6900.00 6600.00 6000.00 7200.00 7500.00 7200.00 4500.00 6300.00 3900.00 900.00 0.00 0.00 0.00 1800.00 4800.00 5700.00 4200.00 3900.00 4200.00 4800.00 2700.00 4500.00 3000.00 3000.00 2100.00 300.00 0.00 600.00 900.00 0.00 3300.00 4500.00 3900.00 3600.00 1200.00 3300.00 3900.00 3300.00 2700.00 2400.00 3900.00
3900.00 9600.00 9900.00 7200.00 9300.00 9900.00 9600.00 9600.00 10200.00 6300.00 7200.00 7800.00 5700.00 1200.00 3900.00 4800.00 11100.00 7800.00 8700.00 10500.00 10500.00 8700.00 7800.00 8700.00 9300.00 7200.00 8100.00 8400.00 3900.00 6900.00 7200.00 6300.00 6900.00 6600.00 6300.00 3300.00 0.00 0.00 1800.00 2400.00 1200.00 4200.00 4200.00 5400.00 3900.00 3900.00 3000.00 3300.00 3600.00 3000.00 4200.00 1800.00 0.00 0.00 1500.00 0.00 1500.00 1800.00 1200.00 2700.00 2100.00 1500.00 2100.00 3000.00 3600.00 3600.00 3300.00
9600.00 7500.00 10500.00 9600.00 9900.00 7500.00 8100.00 8700.00 8100.00 11100.00 8700.00 15000.00 14100.00 9600.00 3600.00 7800.00 8400.00 6000.00 7800.00 9900.00 8700.00 11100.00 9600.00 8700.00 7800.00 9000.00 8100.00 7200.00 7800.00 6900.00 7500.00 6900.00 3600.00 4200.00 4200.00 3000.00 0.00 0.00 900.00 3000.00 4500.00 6000.00 5100.00 2700.00 1800.00 3000.00 4500.00 4200.00 5400.00 3900.00 1500.00 0.00 300.00 0.00 0.00 900.00 1200.00 600.00 0.00 900.00 1200.00 1800.00 1500.00 2100.00 3600.00 3900.00 3000.00
11100.00 9300.00 10200.00 9600.00 10200.00 10500.00 11700.00 11400.00 10500.00 11700.00 12600.00 23700.00 22200.00 9300.00 7200.00 11400.00 8100.00 11100.00 10800.00 9900.00 11100.00 10200.00 8400.00 7500.00 8100.00 8700.00 8700.00 7500.00 7800.00 7500.00 7500.00 6900.00 4800.00 5700.00 6600.00 4500.00 3300.00 300.00 0.00 2400.00 3300.00 4800.00 5100.00 3600.00 3900.00 3300.00 3900.00 3900.00 3600.00 3600.00 0.00 0.00 0.00 0.00 0.00 0.00 0.00 0.00 0.00 0.00 0.00 1500.00 4200.00 2100.00 2400.00 2700.00 3300.00
8700.00 9900.00 11700.00 7500.00 12300.00 9600.00 11100.00 11700.00 11400.00 9300.00 14100.00 24600.00 21600.00 12600.00 8100.00 9900.00 8100.00 9000.00 9900.00 12900.00 9300.00 10500.00 9000.00 9300.00 7500.00 9300.00 4800.00 6300.00 5400.00 6000.00 6300.00 6300.00 6300.00 6000.00 7500.00 5100.00 7500.00 1200.00 0.00 2400.00 3000.00 4200.00 4500.00 4800.00 3900.00 3600.00 4200.00 2100.00 300.00 0.00 0.00 0.00 0.00 0.00 0.00 0.00 0.00 0.00 0.00 0.00 0.00 1800.00 2700.00 3000.00 1200.00 3600.00 3900.00
10800.00 12600.00 13500.00 13500.00 8700.00 8700.00 11100.00 12600.00 11100.00 7800.00 15000.00 25200.00 19500.00 7800.00 9000.00 5400.00 11400.00 12300.00 12000.00 11100.00 10200.00 10200.00 10500.00 9900.00 6900.00 8400.00 6900.00 8400.00 5400.00 4200.00 3000.00 7200.00 5400.00 4500.00 6600.00 5700.00 4500.00 2700.00 0.00 600.00 0.00 900.00 5400.00 3900.00 3000.00 2400.00 0.00 0.00 2700.00 3000.00 1200.00 0.00 0.00 0.00 0.00 0.00 900.00 0.00 0.00 0.00 600.00 3000.00 1800.00 2400.00 1800.00 1500.00 600.00
13200.00 12600.00 5100.00 5700.00 8400.00 15000.00 12900.00 10500.00 12600.00 12300.00 17100.00 23400.00 12300.00 10800.00 12900.00 13500.00 11400.00 14400.00 8400.00 12300.00 12300.00 12900.00 10500.00 9900.00 11100.00 9900.00 8100.00 7200.00 5400.00 5700.00 3900.00 3300.00 3600.00 1500.00 6300.00 1500.00 0.00 0.00 0.00 0.00 0.00 600.00 2400.00 2400.00 1200.00 3300.00 3600.00 2400.00 3000.00 3000.00 3900.00 1500.00 1200.00 900.00 2100.00 1500.00 3300.00 900.00 0.00 0.00 0.00 600.00 1200.00 3000.00 0.00 0.00 0.00
9000.00 12600.00 3900.00 0.00 4500.00 11100.00 14100.00 13800.00 10800.00 11100.00 18300.00 24900.00 11400.00 14400.00 15000.00 13200.00 13800.00 13200.00 13200.00 13500.00 11400.00 11700.00 13500.00 7500.00 10200.00 9600.00 10200.00 11400.00 7500.00 9600.00 5100.00 3900.00 0.00 1800.00 4200.00 4200.00 2100.00 0.00 0.00 0.00 0.00 0.00 0.00 0.00 2100.00 4200.00 3600.00 3600.00 4800.00 4800.00 5400.00 4500.00 3600.00 4500.00 4500.00 4500.00 2700.00 1800.00 0.00 0.00 0.00 0.00 0.00 0.00 0.00 2100.00 0.00
11100.00 12600.00 12900.00 3300.00 5100.00 12000.00 18300.00 11400.00 15300.00 12300.00 19500.00 32700.00 18600.00 16800.00 14400.00 13500.00 15900.00 15000.00 15000.00 14400.00 12000.00 11700.00 10500.00 11100.00 9000.00 10200.00 9000.00 8400.00 6600.00 10200.00 8700.00 6300.00 2100.00 1200.00 300.00 5400.00 900.00 0.00 0.00 0.00 0.00 0.00 0.00 0.00 0.00 4200.00 3900.00 2700.00 5100.00 3900.00 4800.00 3000.00 3900.00 4800.00 3300.00 3000.00 1800.00 900.00 300.00 0.00 0.00 600.00 900.00 900.00 2100.00 600.00 0.00
7800.00 11400.00 14700.00 8100.00 7500.00 15600.00 8100.00 10200.00 12300.00 15600.00 23100.00 39900.00 20100.00 16800.00 18600.00 16500.00 17100.00 18000.00 15900.00 10200.00 6300.00 8700.00 11100.00 11100.00 9300.00 10800.00 10200.00 9300.00 4500.00 7500.00 8700.00 8100.00 4500.00 900.00 600.00 3900.00 300.00 0.00 0.00 0.00 0.00 0.00 1200.00 1500.00 600.00 4500.00 3000.00 4800.00 3300.00 4200.00 5400.00 4500.00 4200.00 2400.00 3900.00 3000.00 3000.00 1800.00 3300.00 1200.00 300.00 2100.00 1800.00 900.00 3000.00 1500.00 300.00
7200.00 16200.00 12300.00 900.00 2100.00 4800.00 1800.00 2100.00 14100.00 17100.00 25200.00 37200.00 19200.00 21300.00 20400.00 18600.00 15000.00 11400.00 16200.00 12600.00 13800.00 12000.00 10500.00 8400.00 9600.00 8100.00 9600.00 8400.00 8100.00 9600.00 7500.00 5700.00 6600.00 900.00 2100.00 3900.00 300.00 0.00 300.00 300.00 2400.00 1800.00 3600.00 6000.00 3900.00 3600.00 4200.00 3900.00 4800.00 5400.00 1800.00 2700.00 3000.00 2700.00 2700.00 3900.00 4500.00 4200.00 3300.00 1500.00 0.00 1500.00 2400.00 1200.00 3000.00 2700.00 3600.00
12600.00 12600.00 3000.00 6300.00 15300.00 3000.00 5400.00 4500.00 10500.00 16800.00 25500.00 44700.00 26400.00 24000.00 20400.00 17700.00 11700.00 15000.00 17100.00 16800.00 15000.00 12900.00 11700.00 11100.00 9300.00 10800.00 10500.00 9000.00 10500.00 10200.00 7500.00 6600.00 6600.00 2100.00 1800.00 300.00 300.00 1800.00 300.00 5700.00 3900.00 6600.00 6000.00 4500.00 4500.00 3900.00 3600.00 5700.00 5100.00 5100.00 5400.00 3300.00 2400.00 3300.00 1800.00 2100.00 1800.00 3000.00 3300.00 900.00 900.00 600.00 2100.00 2400.00 2100.00 1800.00 2100.00
13500.00 9900.00 13500.00 15300.00 15900.00 18000.00 21600.00 22200.00 23100.00 23400.00 25200.00 44100.00 26700.00 28200.00 12900.00 18300.00 11700.00 15600.00 20100.00 13500.00 18600.00 14700.00 12900.00 8700.00 11700.00 10500.00 8700.00 10800.00 7500.00 7500.00 7200.00 4800.00 6600.00 5700.00 2100.00 600.00 2700.00 0.00 900.00 6000.00 4800.00 5100.00 5400.00 4500.00 5700.00 3600.00 5100.00 2400.00 5100.00 3600.00 4500.00 3900.00 3600.00 3900.00 3300.00 3000.00 1800.00 3600.00 2400.00 1500.00 0.00 0.00 2100.00 1500.00 2400.00 2700.00 3600.00
15000.00 9900.00 17100.00 19500.00 17700.00 25500.00 23400.00 28200.00 29400.00 26100.00 21000.00 36300.00 29100.00 31500.00 18900.00 23100.00 15900.00 17100.00 16800.00 15300.00 14400.00 15900.00 15300.00 13500.00 11700.00 8700.00 8400.00 8100.00 9300.00 3600.00 1200.00 3600.00 3900.00 6300.00 6600.00 2100.00 3900.00 0.00 0.00 2400.00 3600.00 5400.00 4200.00 3300.00 4800.00 4800.00 3300.00 2400.00 4200.00 4200.00 3000.00 3600.00 2400.00 4200.00 3300.00 3600.00 3300.00 4500.00 1500.00 300.00 600.00 300.00 900.00 1200.00 2400.00 2700.00 2400.00
14400.00 6300.00 15900.00 18900.00 12000.00 6900.00 26100.00 28800.00 28200.00 34500.00 32400.00 44700.00 39600.00 30600.00 30900.00 22500.00 23400.00 16800.00 13800.00 12000.00 12300.00 14700.00 13500.00 14100.00 9900.00 12600.00 9900.00 8100.00 9600.00 7500.00 4200.00 4200.00 6300.00 3600.00 3300.00 6900.00 5100.00 0.00 0.00 3600.00 3600.00 6600.00 5400.00 3300.00 3600.00 5100.00 2700.00 3300.00 3000.00 2100.00 3900.00 3600.00 5100.00 4800.00 4200.00 2100.00 600.00 3300.00 2400.00 600.00 1200.00 1800.00 900.00 1500.00 3300.00 1200.00 2100.00
12000.00 13800.00 18900.00 20700.00 16800.00 5400.00 8700.00 25500.00 41100.00 49200.00 45600.00 60900.00 49500.00 39900.00 36900.00 32700.00 24600.00 13800.00 16800.00 10800.00 11700.00 12000.00 10200.00 6000.00 8400.00 10200.00 2700.00 5700.00 9900.00 6300.00 4800.00 7200.00 4200.00 2700.00 2100.00 5700.00 4500.00 300.00 2100.00 1500.00 5700.00 3000.00 2400.00 3300.00 2400.00 1500.00 5700.00 4500.00 4200.00 5100.00 5100.00 5100.00 3900.00 4800.00 4800.00 3600.00 5100.00 3900.00 3600.00 1200.00 3300.00 3000.00 3300.00 3900.00 3300.00 3600.00 3000.00
